car 595.5 177.149993896 657.309997559 227.339996338
car 305.230010986 179.589996338 494.970001221 263.679992676
car 410.089996338 176.179992676 514.770019531 228.779998779
car 435.959991455 173.600006104 537.840026855 218.330001831
car 473.640014648 171.529998779 556.159973145 203.86000061
car 823.969970703 189.330001831 1083.14001465 327.790008545
car 753.340026855 185.350006104 885.41998291 263.589996338
car 719.83001709 169.309997559 816.440002441 238.11000061
car 776.770019531 170.970001221 882.280029297 211.699996948
car 0.0 178.63999939 252.919998169 280.600006104
car 194.13999939 174.88999939 341.989990234 241.740005493
car 603.489990234 171.710006714 639.299987793 204.36000061
car 287.850006104 175.619995117 379.410003662 228.839996338
car 0.0 170.479995728 111.63999939 240.660003662
pedestrian 984.429992676 188.050003052 1128.77001953 374.0
pedestrian 693.570007324 173.320007324 709.900024414 209.830001831
