car 599.119995117 182.070007324 667.539978027 247.130004883
car 774.940002441 172.0 963.280029297 270.829986572
car 705.570007324 179.11000061 802.710021973 228.949996948
car 673.380004883 181.320007324 757.070007324 216.770004272
car 146.160003662 192.88999939 340.089996338 290.070007324
car 452.350006104 183.179992676 509.299987793 222.210006714
car 527.280029297 181.119995117 563.950012207 206.600006104
car 241.740005493 191.350006104 355.399993896 242.410003662
car 327.5 181.259994507 399.589996338 228.119995117
car 581.090026855 180.63999939 609.450012207 196.669998169
car 410.890014648 183.429992676 465.309997559 213.350006104
car 486.690002441 184.25 533.309997559 204.919998169
car 71.7099990845 187.440002441 194.720001221 239.440002441
car 87.3799972534 185.270004272 204.229995728 220.990005493
car 648.789978027 178.979995728 673.890014648 194.559997559
