car 592.08001709 176.5 637.549987793 219.520004272
car 895.349975586 158.550003052 1241.0 374.0
car 817.679992676 176.899993896 1038.04003906 302.309997559
car 749.969970703 177.619995117 940.820007324 262.929992676
car 489.070007324 180.529998779 521.270019531 201.029998779
car 302.470001221 188.899993896 409.179992676 250.550003052
car 682.530029297 173.559997559 796.809997559 220.86000061
car 659.690002441 174.940002441 745.559997559 209.339996338
car 434.339996338 175.490005493 472.399993896 199.910003662
car 456.140014648 177.0 487.160003662 197.960006714
car 412.709991455 177.61000061 437.079986572 195.86000061
