car 572.690002441 180.0 629.570007324 226.240005493
car 0.0 202.199996948 349.190002441 374.0
car 190.440002441 194.5 462.470001221 367.420013428
car 71.0999984741 197.25 289.220001221 323.839996338
car 177.220001221 188.880004883 351.510009766 278.839996338
car 328.149993896 182.330001831 449.420013428 236.880004883
car 360.75 176.720001221 472.459991455 228.910003662
car 416.160003662 180.460006714 496.269989014 214.649993896
car 522.609985352 180.669998169 568.700012207 213.539993286
car 456.269989014 174.770004272 530.409973145 203.380004883
car 879.400024414 188.210006714 1241.0 374.0
car 661.539978027 180.740005493 728.150024414 230.429992676
car 36.6399993896 186.38999939 184.660003662 236.850006104
car 588.429992676 176.0 624.409973145 208.839996338
car 279.929992676 178.429992676 340.470001221 208.270004272
pedestrian 747.5 166.380004883 761.5 215.199996948
