car 57.0499992371 202.419998169 394.679992676 374.0
car 0.0 210.490005493 119.819999695 374.0
car 814.150024414 164.789993286 997.270019531 262.070007324
car 346.630004883 185.820007324 485.850006104 278.209991455
car 455.260009766 186.710006714 532.190002441 243.460006714
car 486.970001221 186.13999939 549.320007324 232.009994507
car 664.25 178.13999939 721.960021973 227.830001831
car 785.760009766 164.259994507 985.109985352 229.86000061
car 679.780029297 180.229995728 745.049987793 220.330001831
car 716.109985352 175.229995728 783.599975586 212.419998169
