car 835.059997559 166.729995728 1241.0 374.0
car 726.070007324 154.710006714 916.859985352 306.709991455
car 688.520019531 153.339996338 806.099975586 252.850006104
car 678.280029297 170.36000061 747.969970703 231.25
car 530.820007324 167.679992676 560.489990234 197.369995117
car 428.140014648 178.080001831 495.670013428 225.490005493
car 0.0 197.779998779 273.609985352 374.0
car 197.050003052 186.009994507 398.119995117 301.0
car 337.149993896 176.210006714 452.690002441 252.149993896
pedestrian 1199.30004883 108.540000916 1241.0 348.029998779
pedestrian 656.08001709 160.850006104 672.409973145 199.979995728
pedestrian 661.719970703 162.970001221 676.049987793 200.690002441
pedestrian 605.719970703 167.059997559 616.059997559 191.919998169
cyclist 36.5699996948 165.550003052 248.539993286 374.0
