car 591.969970703 174.600006104 640.349975586 220.36000061
car 1187.94995117 197.199996948 1241.0 374.0
car 386.089996338 185.25 455.279998779 225.539993286
car 738.479980469 169.580001831 918.260009766 253.0
car 684.200012207 174.949996948 809.640014648 227.089996338
car 682.090026855 169.25 770.320007324 211.710006714
car 646.270019531 173.339996338 712.41998291 199.449996948
car 393.820007324 175.820007324 444.369995117 206.320007324
car 425.760009766 175.419998169 465.529998779 200.910003662
car 490.260009766 176.929992676 516.059997559 192.210006714
car 372.760009766 177.509994507 404.380004883 199.679992676
car 135.309997559 178.559997559 175.279998779 203.699996948
