car 589.010009766 187.210006714 668.41998291 253.270004272
car 185.190002441 184.440002441 302.470001221 240.63999939
car 409.029998779 180.119995117 515.809997559 231.990005493
car 445.200012207 184.580001831 542.41998291 220.38999939
car 485.799987793 181.559997559 556.5 211.929992676
car 520.400024414 180.160003662 572.440002441 200.740005493
car 579.150024414 180.820007324 622.590026855 220.520004272
car 329.940002441 179.619995117 388.010009766 205.990005493
pedestrian 447.049987793 168.529998779 472.390014648 258.420013428
cyclist 888.5 173.039993286 1019.86999512 266.609985352
