car 960.869995117 180.899993896 1069.16003418 229.089996338
car 1034.18994141 183.179992676 1155.16003418 229.330001831
car 1097.58996582 183.529998779 1223.0 230.259994507
car 601.609985352 171.690002441 637.700012207 199.899993896
pedestrian 323.269989014 158.289993286 339.600006104 202.039993286
pedestrian 421.790008545 163.380004883 432.459991455 195.300003052
pedestrian 324.019989014 155.940002441 336.019989014 189.839996338
pedestrian 346.049987793 154.789993286 357.720001221 191.059997559
pedestrian 396.309997559 166.220001221 429.980010986 255.710006714
pedestrian 501.190002441 157.160003662 553.530029297 255.589996338
pedestrian 297.109985352 155.809997559 312.440002441 195.320007324
pedestrian 221.779998779 153.259994507 232.779998779 197.149993896
pedestrian 997.760009766 173.669998169 1017.76000977 210.160003662
cyclist 676.760009766 152.809997559 784.299987793 270.010009766
cyclist 79.9499969482 151.550003052 225.320007324 335.950012207
