car 593.940002441 176.330001831 617.989990234 199.210006714
car 509.059997559 180.020004272 558.099975586 218.520004272
car 745.979980469 183.649993896 941.590026855 315.140014648
car 693.289978027 175.679992676 817.75 269.329986572
car 679.659973145 173.039993286 756.770019531 244.460006714
car 653.179992676 177.970001221 707.109985352 219.580001831
car 637.08001709 176.399993896 666.400024414 202.509994507
car 647.159973145 176.199996948 689.369995117 212.63999939
car 391.75 183.020004272 456.089996338 206.899993896
car 304.529998779 182.88999939 377.059997559 207.789993286
pedestrian 766.650024414 160.550003052 790.450012207 230.699996948
