car 1073.45996094 148.449996948 1241.0 275.339996338
car 0.0 191.059997559 78.9700012207 374.0
car 0.0 183.470001221 199.830001831 341.809997559
car 0.0 159.990005493 335.239990234 300.089996338
car 233.910003662 166.080001831 440.989990234 248.039993286
car 274.549987793 177.539993286 461.579986572 237.25
car 95.1399993896 175.559997559 371.179992676 266.660003662
car 451.549987793 174.369995117 549.929992676 205.089996338
car 998.349975586 161.75 1152.66003418 225.38999939
car 668.460021973 174.800003052 774.0 212.309997559
