car 1077.70996094 205.779998779 1241.0 374.0
car 924.070007324 136.190002441 1241.0 374.0
car 318.140014648 182.800003052 401.329986572 229.759994507
car 214.550003052 166.449996948 318.869995117 230.669998169
car 455.899993896 171.220001221 499.059997559 205.380004883
car 692.530029297 171.830001831 770.719970703 215.350006104
car 573.969970703 163.729995728 607.83001709 193.300003052
car 745.820007324 166.869995117 827.41998291 212.809997559
car 37.1500015259 187.199996948 172.25 237.320007324
car 0.0 192.820007324 32.8699989319 233.669998169
