car 568.859985352 181.020004272 626.190002441 227.729995728
car 0.0 198.330001831 400.940002441 374.0
car 269.260009766 192.990005493 478.899993896 331.410003662
car 133.710006714 193.800003052 327.829986572 299.579986572
car 217.740005493 186.789993286 377.320007324 265.989990234
car 341.279998779 182.240005493 455.260009766 232.720001221
car 371.799987793 177.0 477.290008545 225.869995117
car 421.829986572 180.509994507 497.709991455 213.059997559
car 522.619995117 180.830001831 566.780029297 212.11000061
car 457.859985352 175.009994507 529.619995117 202.589996338
car 818.020019531 184.919998169 1241.0 374.0
car 653.869995117 179.350006104 715.479980469 225.479995728
car 71.3899993896 185.160003662 205.320007324 232.0
car 584.950012207 176.279998779 621.090026855 209.270004272
car 290.859985352 177.869995117 347.790008545 206.419998169
pedestrian 736.960021973 167.210006714 752.960021973 213.240005493
