car 586.41998291 199.759994507 662.869995117 266.019989014
car 78.2200012207 195.25 239.589996338 268.190002441
car 370.320007324 190.970001221 497.809997559 255.699996948
car 394.239990234 197.690002441 512.539978027 247.36000061
car 425.760009766 196.25 535.809997559 239.429992676
car 477.239990234 194.550003052 553.190002441 229.869995117
car 513.869995117 192.199996948 570.869995117 215.149993896
car 677.08001709 196.470001221 732.159973145 236.220001221
car 583.5 192.470001221 625.83001709 232.630004883
car 299.690002441 190.809997559 366.890014648 221.460006714
pedestrian 389.420013428 179.080001831 424.760009766 303.369995117
cyclist 1005.80999756 190.320007324 1206.34997559 331.100006104
