car 595.619995117 181.330001831 661.349975586 243.710006714
car 837.5 168.669998169 1076.7199707 313.079986572
car 715.760009766 178.580001831 827.33001709 237.300003052
car 677.520019531 180.559997559 771.349975586 220.770004272
car 353.010009766 183.809997559 448.540008545 243.220001221
car 484.190002441 180.779998779 533.530029297 213.190002441
car 164.399993896 191.990005493 311.089996338 253.279998779
car 280.369995117 180.380004883 367.239990234 233.949996948
car 555.460021973 180.300003052 589.039978027 199.339996338
car 388.399993896 182.179992676 449.359985352 214.910003662
car 471.910003662 183.210006714 521.83001709 205.300003052
car 0.0 188.86000061 116.940002441 251.88999939
car 11.8299999237 184.919998169 151.339996338 225.559997559
car 660.799987793 176.86000061 685.150024414 191.86000061
