car 588.340026855 175.630004883 612.66998291 198.770004272
car 465.690002441 182.440002441 538.489990234 237.13999939
car 814.809997559 185.309997559 1241.0 374.0
car 719.320007324 174.470001221 919.140014648 316.359985352
car 695.260009766 171.460006714 800.619995117 266.75
car 657.349975586 177.990005493 722.280029297 227.740005493
car 636.710021973 177.309997559 669.729980469 206.440002441
car 647.979980469 176.470001221 697.049987793 218.729995728
car 365.660003662 182.660003662 437.480010986 208.970001221
car 268.540008545 182.740005493 349.529998779 210.199996948
car 626.130004883 176.0 649.429992676 195.550003052
pedestrian 793.5 157.130004883 823.450012207 244.259994507
