car 597.58001709 178.350006104 622.710021973 202.25
car 0.0 216.789993286 343.769989014 374.0
car 1148.25 184.479995728 1241.0 374.0
car 857.299987793 168.179992676 1241.0 374.0
car 696.190002441 180.259994507 823.179992676 269.089996338
car 654.760009766 179.089996338 702.070007324 218.440002441
car 677.630004883 177.479995728 758.349975586 243.089996338
car 308.630004883 190.710006714 402.649993896 224.789993286
car 182.020004272 194.600006104 288.290008545 230.25
car 63.3100013733 200.089996338 156.029998779 234.899993896
car 641.109985352 178.789993286 669.760009766 202.449996948
pedestrian 1002.16998291 138.789993286 1059.83996582 332.390014648
