car 586.960021973 172.970001221 661.41998291 243.339996338
car 1037.7199707 151.369995117 1241.0 374.0
car 699.25 168.369995117 831.179992676 228.190002441
car 666.729980469 168.570007324 741.299987793 199.839996338
car 655.049987793 170.149993896 705.780029297 193.660003662
car 93.7300033569 175.5 264.549987793 250.0
car 247.61000061 178.220001221 347.709991455 229.61000061
car 334.170013428 181.960006714 402.070007324 214.960006714
car 434.549987793 175.690002441 477.079986572 198.759994507
car 459.350006104 170.770004272 491.170013428 195.809997559
car 489.149993896 172.75 520.270019531 190.830001831
car 1061.63000488 180.61000061 1205.23999023 216.88999939
car 171.0 180.070007324 250.580001831 221.979995728
