car 588.539978027 175.380004883 639.369995117 216.740005493
car 0.0 177.11000061 267.660003662 342.470001221
car 258.279998779 182.960006714 411.209991455 252.169998169
car 455.109985352 187.460006714 552.0 256.649993896
car 498.820007324 180.979995728 573.83001709 235.690002441
car 393.200012207 171.199996948 503.410003662 217.020004272
car 777.979980469 193.669998169 1108.4699707 374.0
car 653.119995117 172.869995117 698.789978027 209.399993896
car 286.950012207 176.440002441 352.290008545 206.399993896
car 582.320007324 173.279998779 616.640014648 204.600006104
car 66.4800033569 179.169998169 194.539993286 229.710006714
pedestrian 876.049987793 158.289993286 923.049987793 273.149993896
