car 589.090026855 173.690002441 649.289978027 222.699996948
car 0.0 185.320007324 125.38999939 374.0
car 42.5400009155 190.419998169 309.529998779 334.070007324
car 277.410003662 173.839996338 415.739990234 245.979995728
car 423.220001221 186.100006104 547.539978027 261.209991455
car 482.209991455 178.100006104 553.590026855 237.839996338
car 406.029998779 178.470001221 495.720001221 218.399993896
car 736.140014648 178.399993896 950.039978027 311.519989014
car 696.960021973 181.570007324 821.530029297 257.730010986
car 680.789978027 168.11000061 755.599975586 227.630004883
car 642.91998291 172.479995728 678.590026855 199.679992676
car 591.880004883 171.809997559 629.989990234 206.580001831
car 191.080001831 174.86000061 278.160003662 211.38999939
pedestrian 880.119995117 177.460006714 951.119995117 339.130004883
