car 593.900024414 171.520004272 651.739990234 226.190002441
car 839.239990234 169.720001221 1109.01000977 331.459991455
car 775.049987793 170.539993286 971.91998291 274.390014648
car 754.539978027 161.259994507 908.099975586 243.779998779
car 668.859985352 170.580001831 761.349975586 208.940002441
car 650.91998291 170.179992676 709.960021973 194.410003662
car 292.670013428 174.570007324 378.989990234 220.210006714
car 356.859985352 175.820007324 418.140014648 211.61000061
car 405.510009766 180.039993286 451.630004883 204.479995728
car 468.440002441 174.660003662 503.320007324 193.539993286
car 291.119995117 177.429992676 342.350006104 207.839996338
