car 564.140014648 184.539993286 623.159973145 233.259994507
car 0.0 194.169998169 224.350006104 347.989990234
car 109.300003052 214.210006714 467.290008545 374.0
car 366.170013428 190.690002441 503.010009766 298.529998779
car 424.480010986 190.660003662 519.679992676 259.890014648
car 307.190002441 190.630004883 432.970001221 249.929992676
car 526.369995117 183.649993896 560.440002441 209.029998779
car 924.710021973 206.119995117 1241.0 374.0
car 748.020019531 201.210006714 1092.70996094 374.0
car 697.130004883 179.509994507 824.549987793 278.070007324
car 628.070007324 184.720001221 675.75 219.410003662
car 193.160003662 186.559997559 281.029998779 221.75
car 572.130004883 182.949996948 609.210021973 217.080001831
car 2.53999996185 189.339996338 145.399993896 242.589996338
pedestrian 695.729980469 174.350006104 708.390014648 210.479995728
