car 581.729980469 179.509994507 640.179992676 227.029998779
car 240.119995117 184.86000061 424.160003662 265.279998779
car 319.410003662 187.059997559 464.239990234 248.899993896
car 390.980010986 179.38999939 482.720001221 224.320007324
car 499.0 185.740005493 565.159973145 228.86000061
car 675.950012207 180.050003052 765.469970703 242.020004272
car 663.140014648 183.279998779 728.679992676 227.669998169
car 657.710021973 173.919998169 704.530029297 214.13999939
car 632.590026855 177.88999939 660.58001709 199.660003662
car 48.0999984741 193.809997559 234.470001221 273.510009766
car 590.289978027 176.779998779 629.25 212.339996338
car 46.5099983215 185.369995117 168.100006104 235.100006104
