car 66.7600021362 190.619995117 289.290008545 270.260009766
car 221.669998169 181.899993896 372.589996338 243.899993896
car 270.350006104 178.759994507 403.339996338 232.020004272
car 332.540008545 175.529998779 449.950012207 221.619995117
car 368.109985352 180.509994507 462.470001221 217.369995117
car 403.130004883 177.720001221 472.040008545 210.38999939
car 421.609985352 182.210006714 494.329986572 207.800003052
car 437.709991455 174.330001831 501.170013428 203.11000061
car 451.549987793 175.589996338 515.179992676 201.380004883
car 462.890014648 175.589996338 523.299987793 198.929992676
