car 904.510009766 172.800003052 1241.0 374.0
car 645.609985352 179.479995728 866.650024414 314.269989014
car 62.3600006104 196.220001221 282.690002441 314.790008545
car 576.83001709 171.330001831 681.869995117 249.039993286
car 542.590026855 175.029998779 625.229980469 231.380004883
car 280.339996338 191.809997559 352.980010986 246.440002441
car 311.609985352 186.460006714 366.299987793 227.539993286
car 527.210021973 177.529998779 581.5 217.350006104
pedestrian 726.75 160.0 756.030029297 231.199996948
cyclist 511.359985352 167.759994507 565.450012207 267.869995117
