car 601.260009766 182.63999939 678.229980469 255.929992676
car 741.929992676 175.300003052 892.08001709 249.63999939
car 696.219970703 180.690002441 781.090026855 223.350006104
car 670.210021973 182.580001831 744.950012207 213.960006714
car 0.0 206.960006714 99.6500015259 297.549987793
car 397.549987793 187.179992676 471.989990234 232.589996338
car 514.590026855 182.970001221 552.900024414 210.449996948
car 564.429992676 181.199996948 591.510009766 201.220001221
car 302.339996338 191.490005493 392.029998779 234.88999939
car 363.040008545 182.449996948 424.140014648 223.820007324
car 433.839996338 183.940002441 481.579986572 211.089996338
car 501.109985352 185.660003662 543.429992676 204.970001221
car 161.660003662 188.089996338 258.380004883 232.130004883
car 156.199996948 186.25 254.699996948 217.899993896
