car 1109.20996094 147.600006104 1241.0 274.029998779
car 0.0 183.240005493 130.960006714 372.410003662
car 0.0 155.509994507 297.850006104 316.190002441
car 199.479995728 163.470001221 425.640014648 252.529998779
car 248.529998779 175.960006714 449.739990234 239.850006104
car 40.0099983215 174.509994507 348.350006104 275.179992676
car 444.190002441 174.800003052 546.309997559 206.649993896
car 1016.20001221 162.330001831 1184.82995605 230.020004272
car 670.960021973 171.130004883 781.359985352 210.279998779
car 662.359985352 165.61000061 766.0 206.679992676
