car 593.030029297 175.800003052 621.979980469 203.350006104
car 800.140014648 183.800003052 1241.0 374.0
car 738.869995117 176.729995728 917.619995117 302.190002441
car 667.200012207 175.720001221 731.549987793 224.240005493
car 653.570007324 176.399993896 698.469970703 216.479995728
car 641.260009766 172.149993896 669.900024414 199.740005493
car 365.040008545 188.470001221 435.980010986 230.149993896
car 405.600006104 182.720001221 461.75 220.149993896
car 444.890014648 181.149993896 489.679992676 210.660003662
pedestrian 737.299987793 167.240005493 754.969970703 219.300003052
