car 594.409973145 177.910003662 636.789978027 217.990005493
car 0.0 193.919998169 152.309997559 284.690002441
car 124.099998474 183.5 282.160003662 251.899993896
car 749.849975586 172.460006714 906.950012207 255.490005493
car 727.159973145 174.809997559 871.599975586 240.490005493
car 687.41998291 178.720001221 808.950012207 230.529998779
car 675.200012207 174.949996948 778.760009766 224.270004272
car 673.020019531 175.509994507 768.679992676 215.270004272
car 662.809997559 174.039993286 748.719970703 212.38999939
car 537.5 180.36000061 555.789978027 194.270004272
car 640.979980469 177.970001221 690.369995117 196.539993286
car 499.260009766 179.0 521.590026855 195.100006104
