car 0.0 203.539993286 286.869995117 355.769989014
car 372.760009766 193.509994507 496.239990234 283.510009766
car 211.100006104 198.279998779 377.529998779 294.570007324
car 1124.17004395 153.929992676 1241.0 258.950012207
car 494.350006104 186.199996948 545.229980469 230.419998169
car 538.840026855 185.919998169 564.030029297 209.039993286
car 632.690002441 181.770004272 725.489990234 218.399993896
car 612.91998291 179.910003662 677.0 206.660003662
pedestrian 181.25 184.800003052 211.25 276.799987793
cyclist 787.950012207 181.5 908.83001709 283.670013428
cyclist 824.049987793 178.839996338 957.559997559 299.170013428
