car 363.970001221 182.25 518.820007324 301.309997559
car 875.510009766 219.550003052 1241.0 374.0
car 721.520019531 186.080001831 904.770019531 327.880004883
car 670.109985352 189.770004272 777.049987793 274.709991455
car 449.019989014 187.119995117 535.119995117 261.029998779
car 479.730010986 186.940002441 547.469970703 238.960006714
car 654.309997559 184.86000061 726.059997559 240.729995728
car 636.739990234 186.690002441 691.200012207 230.759994507
car 524.869995117 185.580001831 563.020019531 217.949996948
car 547.179992676 177.050003052 580.739990234 210.910003662
car 560.369995117 179.669998169 591.659973145 208.009994507
