car 0.0 202.070007324 257.920013428 374.0
car 1072.58996582 111.300003052 1241.0 225.669998169
car 1228.04003906 131.509994507 1241.0 187.600006104
car 379.220001221 189.75 492.790008545 260.399993896
car 209.320007324 188.440002441 436.010009766 317.25
car 733.719970703 170.630004883 819.099975586 224.13999939
car 453.380004883 182.820007324 528.33001709 235.570007324
car 504.670013428 184.580001831 552.340026855 222.410003662
car 517.729980469 184.080001831 560.679992676 216.710006714
car 645.719970703 178.520004272 689.200012207 214.050003052
car 725.270019531 170.779998779 849.390014648 213.339996338
car 687.440002441 176.240005493 740.440002441 205.070007324
car 649.630004883 170.270004272 694.909973145 183.800003052
car 537.099975586 174.089996338 575.369995117 186.88999939
