car 1004.86999512 193.020004272 1241.0 374.0
car 813.090026855 186.809997559 1085.58996582 336.480010986
car 228.279998779 182.649993896 454.769989014 321.809997559
car 396.109985352 187.649993896 508.450012207 268.190002441
car 738.630004883 182.330001831 863.41998291 263.269989014
car 473.839996338 176.820007324 546.16998291 237.470001221
car 543.58001709 177.720001221 605.719970703 219.990005493
car 721.679992676 177.339996338 779.690002441 231.589996338
car 651.359985352 178.089996338 707.390014648 207.589996338
pedestrian 1053.31005859 133.679992676 1180.95996094 322.109985352
