car 0.0 188.220001221 397.829986572 374.0
car 894.049987793 181.630004883 1241.0 374.0
car 309.0 187.820007324 462.5 291.359985352
car 404.429992676 181.220001221 512.66998291 250.380004883
car 928.630004883 162.0 1038.56005859 223.070007324
car 845.219970703 168.089996338 946.979980469 218.619995117
car 810.609985352 168.039993286 896.809997559 213.75
car 795.049987793 171.419998169 883.159973145 211.979995728
car 670.219970703 176.699996948 735.58001709 227.869995117
car 496.510009766 176.630004883 555.940002441 218.88999939
car 717.760009766 167.63999939 783.979980469 197.020004272
