car 546.380004883 184.429992676 594.849975586 222.679992676
car 246.919998169 190.580001831 410.989990234 255.759994507
car 328.100006104 183.479995728 447.980010986 242.669998169
car 394.910003662 185.520004272 494.589996338 225.399993896
car 437.200012207 185.119995117 511.940002441 219.600006104
car 699.599975586 187.619995117 867.619995117 307.799987793
car 685.510009766 190.11000061 776.809997559 263.799987793
car 653.570007324 184.789993286 729.119995117 241.869995117
car 163.220001221 188.169998169 261.329986572 230.25
car 567.109985352 181.929992676 603.780029297 213.050003052
