car 734.799987793 159.88999939 940.520019531 232.679992676
car 1049.81005859 146.910003662 1166.89001465 182.259994507
car 1020.25 148.809997559 1132.57995605 181.899993896
car 994.989990234 150.160003662 1106.41003418 183.229995728
car 451.160003662 182.919998169 507.899993896 227.580001831
car 537.849975586 177.020004272 579.789978027 209.729995728
car 764.359985352 159.009994507 866.820007324 198.0
car 891.409973145 151.050003052 942.469970703 180.419998169
car 925.400024414 154.649993896 981.159973145 181.36000061
car 474.709991455 184.050003052 524.549987793 219.460006714
car 648.799987793 174.169998169 684.760009766 199.029998779
car 605.08001709 178.940002441 630.869995117 199.580001831
