car 595.609985352 175.75 638.820007324 216.619995117
car 1057.7199707 161.369995117 1241.0 374.0
car 870.049987793 171.229995728 1143.93994141 330.079986572
car 762.25 175.88999939 966.58001709 277.25
car 719.229980469 169.789993286 877.570007324 254.520004272
car 703.849975586 174.130004883 846.159973145 236.589996338
car 687.690002441 170.36000061 810.799987793 226.580001831
car 677.520019531 174.649993896 773.119995117 211.220001221
car 509.230010986 180.970001221 536.16998291 200.649993896
car 657.869995117 173.830001831 729.380004883 201.710006714
car 644.83001709 174.820007324 703.809997559 197.100006104
car 481.339996338 175.779998779 507.920013428 194.320007324
car 459.959991455 177.149993896 477.649993896 191.539993286
