pedestrian 873.119995117 131.770004272 953.450012207 331.130004883
pedestrian 884.340026855 152.440002441 915.039978027 211.399993896
pedestrian 643.460021973 155.880004883 694.130004883 263.290008545
pedestrian 586.5 153.100006104 639.840026855 256.609985352
pedestrian 589.109985352 145.5 642.780029297 261.0
pedestrian 883.770019531 153.0 933.770019531 223.039993286
pedestrian 1102.19995117 150.600006104 1126.19995117 229.240005493
pedestrian 1143.65002441 142.729995728 1173.65002441 232.729995728
pedestrian 1108.11999512 153.820007324 1134.11999512 227.509994507
cyclist 807.549987793 144.729995728 879.780029297 253.970001221
