car 585.349975586 181.649993896 657.549987793 240.589996338
car 0.0 167.029998779 151.380004883 258.149993896
car 313.440002441 168.130004883 470.420013428 249.949996948
car 350.769989014 176.229995728 493.109985352 235.61000061
car 391.690002441 180.270004272 523.450012207 230.529998779
car 464.820007324 174.330001831 547.369995117 213.550003052
car 507.320007324 174.589996338 569.780029297 199.160003662
car 689.729980469 179.729995728 756.900024414 223.88999939
car 674.229980469 171.570007324 726.909973145 212.490005493
car 588.460021973 176.800003052 629.41998291 214.169998169
car 262.529998779 170.899993896 341.700012207 204.089996338
pedestrian 270.769989014 145.710006714 333.440002441 341.959991455
pedestrian 660.770019531 176.580001831 674.770019531 211.869995117
