car 592.390014648 176.899993896 637.66998291 219.740005493
car 1066.0 186.539993286 1241.0 374.0
car 854.929992676 161.570007324 1168.75 363.440002441
car 798.289978027 177.649993896 1002.33001709 290.109985352
car 738.859985352 177.710006714 918.679992676 256.390014648
car 494.790008545 181.839996338 525.16998291 201.460006714
car 336.899993896 188.949996948 429.570007324 243.490005493
car 679.340026855 174.86000061 789.710021973 220.320007324
car 658.460021973 175.789993286 741.510009766 209.13999939
car 438.0 176.580001831 475.130004883 200.550003052
car 459.799987793 178.11000061 490.070007324 198.710006714
car 416.549987793 178.75 440.329986572 196.679992676
