car 590.809997559 174.830001831 637.049987793 218.589996338
car 963.210021973 171.550003052 1241.0 374.0
car 816.270019531 177.410003662 1069.04003906 306.350006104
car 459.670013428 180.960006714 501.670013428 206.5
car 0.0 198.25 259.190002441 332.010009766
car 698.210021973 170.850006104 831.549987793 227.949996948
car 665.840026855 173.880004883 765.010009766 213.600006104
car 419.109985352 175.020004272 461.519989014 201.570007324
car 443.390014648 174.820007324 477.579986572 197.380004883
car 496.519989014 176.440002441 520.049987793 190.559997559
car 397.559997559 177.570007324 424.450012207 197.220001221
