car 755.799987793 168.550003052 1000.04998779 337.179992676
car 694.789978027 159.080001831 825.289978027 268.540008545
car 671.700012207 158.36000061 760.799987793 237.570007324
car 664.929992676 170.25 723.109985352 222.419998169
car 530.520019531 166.539993286 558.099975586 194.330001831
car 443.799987793 176.830001831 501.809997559 218.580001831
car 0.0 206.839996338 187.570007324 374.0
car 104.080001831 191.100006104 355.089996338 328.75
car 284.640014648 183.36000061 428.730010986 270.709991455
car 376.0 175.350006104 469.209991455 238.690002441
pedestrian 1002.25 133.0 1065.57995605 289.829986572
pedestrian 639.150024414 160.880004883 651.479980469 196.509994507
pedestrian 645.099975586 163.380004883 656.099975586 197.759994507
pedestrian 595.989990234 166.38999939 604.659973145 189.899993896
cyclist 0.0 185.190002441 106.970001221 374.0
cyclist 319.230010986 167.919998169 397.630004883 307.160003662
