car 0.0 198.61000061 432.359985352 374.0
car 885.570007324 167.369995117 1241.0 374.0
car 412.5 169.199996948 515.530029297 257.299987793
car 448.130004883 174.779998779 546.590026855 232.970001221
car 750.010009766 155.520004272 818.390014648 178.169998169
car 867.58001709 178.720001221 1026.63000488 323.179992676
car 905.309997559 164.539993286 1054.05004883 263.679992676
car 762.390014648 156.070007324 911.700012207 211.509994507
car 1174.84997559 164.11000061 1241.0 231.580001831
car 1036.27001953 163.160003662 1155.75 203.490005493
