car 586.650024414 174.089996338 663.650024414 246.850006104
car 1149.16003418 150.940002441 1241.0 374.0
car 704.940002441 169.289993286 844.979980469 233.009994507
car 668.75 169.830001831 745.469970703 202.100006104
car 655.789978027 172.240005493 707.58001709 196.279998779
car 56.7599983215 176.520004272 245.309997559 256.429992676
car 229.759994507 179.580001831 336.739990234 233.589996338
car 324.880004883 183.789993286 396.049987793 218.279998779
car 431.010009766 177.570007324 474.890014648 201.199996948
car 456.700012207 172.38999939 489.239990234 197.979995728
car 487.390014648 173.649993896 519.159973145 192.059997559
car 527.320007324 174.470001221 558.210021973 188.449996948
car 1083.34997559 179.839996338 1234.70996094 217.729995728
car 153.25 180.399993896 237.460006714 224.050003052
