car 579.33001709 182.179992676 637.229980469 229.539993286
car 0.0 172.259994507 117.0 374.0
car 271.959991455 183.990005493 440.070007324 255.830001831
car 340.720001221 187.759994507 475.059997559 244.179992676
car 401.059997559 181.149993896 488.339996338 223.470001221
car 505.269989014 187.229995728 566.640014648 227.740005493
car 669.929992676 179.589996338 751.309997559 236.350006104
car 630.770019531 179.160003662 657.780029297 200.210006714
car 105.309997559 189.850006104 264.399993896 260.119995117
car 589.650024414 178.270004272 628.690002441 213.899993896
car 88.4899978638 185.029998779 196.539993286 231.020004272
cyclist 7.38000011444 183.330001831 66.7399978638 233.369995117
