car 1093.97998047 183.589996338 1223.0 234.820007324
car 1032.63000488 183.960006714 1156.76000977 232.710006714
car 952.960021973 181.669998169 1068.79003906 234.190002441
car 602.489990234 172.669998169 636.539978027 203.0
pedestrian 182.179992676 149.089996338 203.270004272 196.570007324
pedestrian 0.0 144.240005493 58.0499992371 257.459991455
pedestrian 203.580001831 153.580001831 229.179992676 216.399993896
pedestrian 173.449996948 150.119995117 200.25 214.149993896
pedestrian 808.75 148.61000061 879.630004883 331.320007324
pedestrian 831.320007324 148.029998779 896.229980469 318.170013428
pedestrian 954.760009766 137.679992676 1034.07995605 336.260009766
pedestrian 967.400024414 142.080001831 1075.35998535 369.0
cyclist 628.030029297 163.350006104 758.210021973 300.089996338
cyclist 707.099975586 152.350006104 849.719970703 282.459991455
cyclist 399.630004883 167.38999939 439.369995117 232.089996338
