pedestrian 7.73000001907 149.300003052 120.080001831 343.670013428
pedestrian 205.759994507 153.330001831 242.440002441 251.759994507
pedestrian 183.600006104 150.240005493 221.539993286 246.160003662
pedestrian 600.559997559 166.850006104 632.039978027 238.630004883
pedestrian 56.3400001526 156.169998169 122.199996948 318.170013428
pedestrian 781.429992676 155.050003052 797.479980469 210.63999939
pedestrian 689.41998291 158.080001831 701.320007324 193.11000061
pedestrian 655.25 162.449996948 664.549987793 198.649993896
pedestrian 669.0 159.13999939 679.690002441 195.36000061
pedestrian 731.179992676 155.630004883 742.820007324 190.800003052
pedestrian 743.400024414 154.100006104 756.719970703 191.949996948
cyclist 808.25 151.460006714 859.41998291 259.640014648
cyclist 484.299987793 162.25 509.809997559 213.039993286
