car 1043.20996094 146.589996338 1241.0 265.359985352
car 0.0 188.929992676 173.020004272 374.0
car 0.0 180.679992676 252.649993896 316.279998779
car 6.13999986649 162.059997559 364.730010986 286.350006104
car 263.049987793 165.300003052 454.220001221 241.36000061
car 297.160003662 177.880004883 471.399993896 233.729995728
car 144.470001221 177.059997559 392.640014648 259.799987793
car 458.649993896 175.539993286 553.559997559 205.199996948
car 982.16998291 161.240005493 1124.10998535 221.279998779
car 668.710021973 171.330001831 769.989990234 207.38999939
