car 1095.85998535 185.179992676 1223.0 236.570007324
car 1032.05004883 183.809997559 1157.5300293 232.580001831
car 952.650024414 181.899993896 1068.63000488 234.449996948
car 602.549987793 172.440002441 636.75 202.759994507
pedestrian 861.799987793 152.789993286 944.799987793 308.239990234
pedestrian 915.400024414 163.899993896 976.739990234 300.040008545
pedestrian 544.159973145 157.470001221 595.489990234 270.269989014
pedestrian 274.290008545 154.279998779 307.880004883 219.699996948
pedestrian 322.950012207 158.339996338 342.950012207 225.490005493
pedestrian 303.649993896 156.660003662 335.649993896 240.479995728
pedestrian 339.779998779 162.669998169 379.450012207 239.009994507
pedestrian 211.190002441 154.600006104 238.86000061 230.059997559
pedestrian 248.63999939 156.550003052 273.640014648 230.710006714
pedestrian 279.380004883 163.100006104 302.380004883 229.940002441
pedestrian 284.869995117 158.75 319.049987793 226.419998169
