car 595.710021973 176.029998779 638.799987793 216.779998779
car 0.0 187.350006104 58.5 286.640014648
car 969.859985352 161.100006104 1241.0 374.0
car 840.0 172.380004883 1089.06994629 309.540008545
car 749.090026855 175.529998779 938.989990234 266.720001221
car 711.590026855 170.11000061 860.090026855 248.529998779
car 698.890014648 174.350006104 833.950012207 233.089996338
car 683.880004883 170.970001221 801.400024414 224.380004883
car 675.619995117 174.740005493 768.119995117 209.979995728
car 513.590026855 180.479995728 539.289978027 199.279998779
car 656.700012207 174.080001831 726.450012207 201.220001221
car 644.429992676 174.179992676 702.140014648 195.899993896
car 483.690002441 175.850006104 509.720001221 194.080001831
car 462.549987793 177.169998169 479.920013428 191.350006104
