car 593.549987793 171.960006714 654.780029297 221.699996948
car 263.859985352 177.729995728 477.070007324 274.559997559
car 391.619995117 167.720001221 503.850006104 224.660003662
car 421.290008545 168.5 529.630004883 216.61000061
car 464.029998779 168.229995728 551.16998291 202.350006104
car 854.179992676 188.690002441 1198.67004395 362.109985352
car 766.210021973 183.289993286 921.150024414 271.790008545
car 726.520019531 162.369995117 833.549987793 237.759994507
car 783.83001709 165.699996948 895.08001709 208.479995728
car 0.0 172.729995728 195.339996338 290.839996338
car 142.13999939 168.949996948 314.480010986 243.619995117
car 601.219970703 166.350006104 637.179992676 199.160003662
car 256.700012207 168.070007324 359.910003662 226.089996338
car 0.0 167.660003662 56.6899986267 237.839996338
pedestrian 695.460021973 167.080001831 711.460021973 205.429992676
