car 1172.55004883 201.820007324 1241.0 374.0
car 842.710021973 187.880004883 1218.69995117 374.0
car 127.190002441 181.970001221 425.619995117 355.940002441
car 364.320007324 186.160003662 495.079986572 277.350006104
car 749.369995117 180.979995728 895.090026855 272.260009766
car 458.079986572 174.130004883 538.960021973 240.050003052
car 537.960021973 176.369995117 603.510009766 221.220001221
car 726.770019531 176.070007324 793.570007324 234.619995117
car 650.510009766 176.520004272 708.33001709 207.179992676
pedestrian 1174.90002441 122.459999084 1241.0 358.279998779
