car 592.780029297 172.830001831 642.909973145 220.25
car 268.109985352 189.699996948 389.790008545 254.029998779
car 791.549987793 167.809997559 1025.10998535 288.200012207
car 707.239990234 172.339996338 857.16998291 236.960006714
car 701.219970703 173.25 821.349975586 227.240005493
car 698.58001709 167.619995117 799.66998291 217.320007324
car 651.760009766 172.520004272 723.950012207 201.330001831
car 642.820007324 171.009994507 692.630004883 191.210006714
car 372.890014648 175.050003052 430.570007324 208.850006104
car 411.230010986 175.910003662 455.769989014 203.809997559
car 441.839996338 179.399993896 476.630004883 199.199996948
car 485.100006104 175.589996338 512.66998291 191.789993286
car 354.450012207 176.940002441 390.140014648 201.0
car 93.4199981689 179.210006714 135.25 206.839996338
