car 0.0 210.050003052 210.770004272 374.0
car 822.33001709 184.190002441 1083.85998535 342.519989014
car 759.83001709 184.009994507 902.760009766 273.450012207
car 373.119995117 182.919998169 504.200012207 270.679992676
car 456.600006104 184.100006104 536.0 243.13999939
car 717.989990234 180.13999939 804.450012207 239.869995117
car 501.989990234 177.850006104 560.789978027 227.130004883
car 558.530029297 178.619995117 612.469970703 214.779998779
car 709.219970703 178.910003662 756.479980469 223.199996948
car 653.570007324 177.449996948 706.789978027 203.669998169
pedestrian 887.16998291 151.339996338 928.640014648 257.839996338
