car 46.1500015259 202.369995117 307.179992676 340.989990234
car 386.070007324 190.229995728 502.700012207 274.109985352
car 232.690002441 194.740005493 387.529998779 284.989990234
car 1104.20996094 151.740005493 1241.0 252.320007324
car 513.359985352 181.940002441 553.380004883 216.910003662
car 634.909973145 178.570007324 726.219970703 214.520004272
car 613.469970703 176.660003662 676.710021973 203.070007324
cyclist 802.849975586 173.679992676 921.729980469 271.739990234
cyclist 1211.05004883 159.419998169 1241.0 374.0
cyclist 877.0 172.740005493 1016.34002686 286.459991455
