car 241.270004272 196.529998779 445.790008545 315.209991455
car 0.0 195.36000061 313.279998779 374.0
car 780.239990234 168.63999939 911.059997559 244.460006714
car 399.75 184.850006104 506.570007324 258.299987793
car 478.230010986 186.86000061 542.41998291 235.380004883
car 502.910003662 184.669998169 556.690002441 224.720001221
car 659.140014648 178.960006714 710.640014648 222.649993896
car 761.16998291 164.529998779 926.570007324 219.940002441
car 673.809997559 180.240005493 733.450012207 216.259994507
car 708.640014648 174.240005493 770.640014648 207.949996948
car 661.429992676 169.899993896 700.869995117 182.86000061
