car 1095.15002441 184.580001831 1223.0 235.910003662
car 1032.26000977 183.86000061 1157.23999023 232.630004883
car 952.770019531 181.809997559 1068.69995117 234.350006104
car 602.530029297 172.529998779 636.66998291 202.850006104
pedestrian 1204.54003906 154.600006104 1223.0 369.0
pedestrian 190.869995117 151.839996338 207.869995117 198.88999939
pedestrian 302.619995117 158.039993286 320.619995117 209.470001221
pedestrian 260.390014648 154.029998779 278.049987793 197.059997559
pedestrian 333.329986572 157.919998169 370.329986572 248.880004883
pedestrian 355.040008545 157.770004272 411.399993896 244.979995728
pedestrian 396.450012207 157.929992676 444.779998779 252.149993896
pedestrian 521.0 155.770004272 569.66998291 280.040008545
pedestrian 566.140014648 158.449996948 622.799987793 268.130004883
pedestrian 372.899993896 160.61000061 412.899993896 275.489990234
pedestrian 418.019989014 158.220001221 461.690002441 268.390014648
pedestrian 452.600006104 163.089996338 500.929992676 260.309997559
pedestrian 333.279998779 158.300003052 373.940002441 256.559997559
cyclist 514.469970703 160.179992676 539.599975586 208.880004883
