car 598.239990234 181.300003052 665.380004883 244.990005493
car 790.320007324 170.259994507 992.0 279.910003662
car 708.520019531 178.550003052 809.479980469 230.669998169
car 674.270019531 181.009994507 760.890014648 217.809997559
car 0.0 194.25 266.970001221 329.809997559
car 426.929992676 182.259994507 493.519989014 226.0
car 515.41998291 180.369995117 555.0 207.729995728
car 220.75 190.5 343.149993896 244.100006104
car 313.399993896 180.649993896 390.450012207 229.380004883
car 573.140014648 180.050003052 602.780029297 196.919998169
car 403.829986572 182.300003052 460.329986572 213.029998779
car 483.049987793 183.690002441 529.989990234 204.75
car 40.4000015259 187.309997559 173.089996338 242.059997559
car 66.3799972534 184.929992676 189.179992676 221.919998169
car 652.409973145 178.059997559 676.020019531 193.410003662
