car 1094.19995117 183.779998779 1223.0 235.020004272
car 1032.56005859 183.940002441 1156.84997559 232.699996948
car 952.91998291 181.699996948 1068.7800293 234.220001221
car 602.5 172.649993896 636.559997559 202.970001221
pedestrian 181.490005493 148.940002441 198.809997559 196.380004883
pedestrian 83.1600036621 148.100006104 125.36000061 241.300003052
pedestrian 234.25 154.710006714 257.329986572 212.279998779
pedestrian 201.809997559 151.38999939 225.220001221 209.789993286
pedestrian 667.440002441 153.0 721.469970703 305.640014648
pedestrian 706.849975586 150.559997559 772.979980469 294.790008545
pedestrian 758.679992676 142.720001221 879.840026855 310.589996338
pedestrian 1108.93005371 142.199996948 1223.0 369.0
pedestrian 772.820007324 146.600006104 851.049987793 332.950012207
cyclist 522.239990234 165.369995117 589.440002441 259.799987793
cyclist 584.739990234 158.880004883 654.08001709 250.759994507
cyclist 463.209991455 168.169998169 487.679992676 211.039993286
