car 551.650024414 185.080001831 600.460021973 223.559997559
car 217.240005493 192.61000061 396.0 265.459991455
car 310.029998779 184.660003662 438.859985352 249.570007324
car 394.010009766 186.399993896 496.359985352 228.880004883
car 434.109985352 185.88999939 512.609985352 222.470001221
car 720.710021973 188.869995117 935.789978027 338.359985352
car 700.130004883 191.690002441 808.130004883 276.420013428
car 664.900024414 185.529998779 748.799987793 248.830001831
car 142.160003662 190.119995117 249.770004272 235.070007324
car 575.849975586 182.669998169 612.559997559 214.070007324
