car 512.25 181.619995117 544.960021973 209.770004272
car 177.179992676 176.429992676 247.100006104 210.770004272
car 240.190002441 181.380004883 296.779998779 207.309997559
car 1061.73999023 196.949996948 1175.18005371 236.630004883
car 288.980010986 182.25 336.700012207 205.720001221
car 544.260009766 181.63999939 568.010009766 200.460006714
car 570.960021973 178.740005493 621.789978027 229.380004883
car 83.1299972534 181.210006714 179.690002441 216.86000061
car 1169.63000488 197.86000061 1241.0 234.300003052
cyclist 899.33001709 188.61000061 929.520019531 235.679992676
