car 590.469970703 177.199996948 615.140014648 200.669998169
car 373.549987793 188.050003052 505.959991455 281.799987793
car 1062.81005859 198.020004272 1241.0 374.0
car 782.969970703 177.070007324 1241.0 374.0
car 729.630004883 172.199996948 895.140014648 315.239990234
car 668.010009766 179.570007324 750.539978027 241.380004883
car 640.880004883 178.279998779 678.809997559 211.190002441
car 657.239990234 176.990005493 716.969970703 227.13999939
car 342.109985352 186.979995728 422.709991455 216.339996338
car 234.210006714 187.75 324.940002441 218.399993896
car 628.099975586 178.339996338 653.390014648 199.520004272
pedestrian 845.479980469 153.960006714 888.33001709 268.890014648
