car 1038.36999512 177.899993896 1241.0 374.0
car 770.559997559 150.449996948 1112.64001465 374.0
car 709.450012207 153.330001831 871.849975586 283.970001221
car 693.380004883 170.470001221 779.950012207 243.38999939
car 527.66998291 172.059997559 559.83001709 203.940002441
car 402.329986572 182.830001831 483.570007324 238.220001221
car 0.0 215.220001221 110.260002136 374.0
car 14.220000267 192.11000061 340.920013428 363.070007324
car 272.510009766 182.330001831 424.329986572 278.040008545
pedestrian 674.210021973 163.770004272 689.210021973 207.199996948
pedestrian 678.719970703 166.240005493 692.719970703 208.089996338
pedestrian 615.659973145 170.690002441 626.659973145 197.039993286
