car 0.0 220.130004883 140.929992676 374.0
car 1153.72998047 146.100006104 1241.0 272.799987793
car 1036.0 155.529998779 1224.56005859 252.669998169
car 957.650024414 155.589996338 1128.7199707 237.710006714
car 900.650024414 166.240005493 1059.18994141 229.050003052
car 870.229980469 163.5 993.140014648 216.449996948
car 778.280029297 170.229995728 1050.66003418 350.149993896
car 730.820007324 186.470001221 849.469970703 268.440002441
car 339.910003662 181.259994507 501.660003662 284.899993896
car 776.469970703 163.350006104 887.020019531 210.470001221
car 494.950012207 182.130004883 560.950012207 236.679992676
car 516.690002441 181.160003662 574.479980469 223.660003662
car 667.210021973 172.320007324 737.679992676 197.179992676
