car 570.210021973 181.630004883 627.719970703 228.259994507
car 0.0 174.710006714 291.049987793 348.549987793
car 320.869995117 182.669998169 464.149993896 241.880004883
car 373.109985352 186.0 490.359985352 233.839996338
car 512.700012207 184.529998779 566.5 219.86000061
car 626.159973145 179.490005493 651.460021973 199.259994507
car 190.270004272 186.300003052 309.950012207 243.479995728
car 585.979980469 176.100006104 625.049987793 211.759994507
car 146.949996948 182.350006104 236.050003052 222.350006104
cyclist 99.3899993896 183.429992676 144.550003052 225.119995117
