car 0.0 203.220001221 309.970001221 374.0
car 799.630004883 183.199996948 1006.59997559 313.929992676
car 748.41998291 183.410003662 870.320007324 262.279998779
car 401.070007324 182.210006714 517.41998291 260.399993896
car 470.970001221 183.009994507 543.780029297 237.410003662
car 713.409973145 179.630004883 791.83001709 234.820007324
car 510.899993896 177.919998169 566.020019531 224.399993896
car 563.039978027 178.199996948 614.75 212.649993896
car 708.0 178.940002441 753.030029297 220.830001831
car 654.25 176.970001221 706.159973145 202.25
pedestrian 858.630004883 154.449996948 893.760009766 248.410003662
