car 1093.84997559 183.490005493 1223.0 234.699996948
car 1032.66003418 183.970001221 1156.70996094 232.720001221
car 952.979980469 181.660003662 1068.80004883 234.169998169
car 602.489990234 172.690002441 636.520019531 203.020004272
pedestrian 182.199996948 149.190002441 203.160003662 196.690002441
pedestrian 183.789993286 152.759994507 210.130004883 218.970001221
pedestrian 152.169998169 148.490005493 179.5 216.080001831
pedestrian 910.969970703 150.130004883 986.969970703 356.059997559
pedestrian 933.989990234 145.570007324 1005.65997314 336.450012207
pedestrian 1056.76000977 135.5 1139.09997559 360.380004883
pedestrian 1096.76000977 139.600006104 1223.0 369.0
cyclist 715.909973145 161.330001831 874.909973145 316.510009766
cyclist 881.880004883 142.070007324 1069.82995605 304.380004883
cyclist 326.739990234 165.820007324 389.109985352 256.410003662
