pedestrian 1008.94000244 125.400001526 1219.10998535 369.0
pedestrian 972.880004883 143.729995728 1173.30004883 369.0
pedestrian 587.630004883 138.309997559 681.989990234 364.929992676
pedestrian 476.649993896 124.900001526 587.380004883 369.0
pedestrian 642.640014648 153.289993286 739.530029297 347.029998779
pedestrian 546.460021973 145.169998169 573.409973145 220.479995728
pedestrian 527.179992676 152.130004883 546.369995117 222.490005493
pedestrian 548.130004883 142.960006714 571.619995117 204.289993286
pedestrian 593.770019531 145.899993896 614.549987793 203.36000061
cyclist 314.25 141.229995728 370.209991455 199.630004883
cyclist 513.960021973 143.570007324 545.83001709 184.770004272
