car 1168.80004883 146.699996948 1241.0 270.660003662
car 1044.41003418 153.399993896 1241.0 258.0
car 957.070007324 163.789993286 1144.38000488 240.690002441
car 904.799987793 167.38999939 1047.81994629 230.539993286
car 846.650024414 179.350006104 1241.0 374.0
car 757.679992676 186.410003662 930.059997559 296.299987793
car 240.270004272 183.220001221 476.589996338 328.299987793
car 867.08001709 167.649993896 988.289978027 220.529998779
car 793.049987793 159.089996338 919.320007324 212.330001831
car 471.839996338 177.789993286 550.909973145 241.600006104
car 502.709991455 178.169998169 570.190002441 225.869995117
