car 586.559997559 178.070007324 654.849975586 233.580001831
car 220.009994507 165.779998779 424.600006104 281.850006104
car 292.200012207 179.169998169 467.239990234 256.709991455
car 348.440002441 177.149993896 505.720001221 239.770004272
car 442.619995117 174.229995728 538.289978027 220.289993286
car 499.570007324 169.910003662 567.969970703 197.229995728
car 707.460021973 178.25 793.41998291 232.449996948
car 685.460021973 172.199996948 748.0 219.580001831
car 593.059997559 173.070007324 632.729980469 209.270004272
car 216.100006104 165.869995117 310.299987793 203.710006714
pedestrian 670.239990234 170.059997559 692.739990234 210.570007324
