car 600.969970703 182.720001221 675.369995117 253.580001831
car 747.75 174.970001221 904.969970703 253.63999939
car 698.099975586 180.550003052 785.349975586 224.589996338
car 670.599975586 182.529998779 747.150024414 214.740005493
car 0.0 208.119995117 64.3000030518 296.630004883
car 363.209991455 188.289993286 451.079986572 240.470001221
car 502.880004883 183.429992676 543.960021973 213.070007324
car 556.510009766 181.649993896 585.539978027 202.759994507
car 290.640014648 191.789993286 384.869995117 236.75
car 355.269989014 182.429992676 418.529998779 224.940002441
car 429.190002441 184.270004272 477.970001221 212.020004272
car 498.410003662 185.679992676 541.5 205.309997559
car 144.460006714 188.149993896 246.080001831 233.779998779
car 142.75 186.169998169 244.779998779 218.649993896
