car 1093.29003906 150.710006714 1241.0 262.829986572
car 1000.36999512 155.919998169 1188.80004883 248.0
car 928.429992676 167.630004883 1100.82995605 237.229995728
car 889.309997559 170.169998169 1022.34002686 228.330001831
car 806.33001709 173.199996948 1194.65002441 374.0
car 744.880004883 188.020004272 886.159973145 282.649993896
car 301.200012207 184.970001221 491.670013428 306.910003662
car 854.119995117 171.009994507 968.190002441 220.369995117
car 785.349975586 163.789993286 903.429992676 213.809997559
car 484.350006104 181.229995728 556.270019531 240.029998779
car 510.130004883 181.320007324 572.460021973 226.399993896
car 722.650024414 170.539993286 797.390014648 196.199996948
