car 687.900024414 176.710006714 785.049987793 253.820007324
car 660.140014648 169.300003052 733.039978027 233.809997559
car 649.469970703 168.020004272 706.130004883 221.630004883
car 535.609985352 169.809997559 558.950012207 193.690002441
car 479.600006104 177.539993286 520.16998291 209.5
car 345.269989014 183.949996948 451.239990234 253.089996338
pedestrian 818.229980469 159.220001221 851.559997559 241.789993286
pedestrian 615.690002441 166.979995728 627.030029297 195.929992676
pedestrian 617.130004883 168.160003662 629.789978027 196.320007324
cyclist 439.350006104 174.669998169 481.309997559 259.619995117
cyclist 482.260009766 170.800003052 507.890014648 230.990005493
