car 596.799987793 181.809997559 659.940002441 233.330001831
car 0.0 189.149993896 308.489990234 374.0
car 315.649993896 178.5 485.260009766 271.209991455
car 355.260009766 177.199996948 494.279998779 246.399993896
car 456.350006104 174.539993286 557.359985352 214.690002441
car 832.979980469 195.619995117 1153.56994629 359.920013428
car 744.020019531 170.020004272 879.75 258.980010986
car 714.690002441 179.669998169 789.909973145 229.25
car 696.289978027 179.220001221 752.820007324 217.570007324
car 686.109985352 172.669998169 737.880004883 212.86000061
car 127.269996643 180.350006104 312.850006104 250.539993286
car 606.289978027 172.240005493 643.479980469 206.149993896
car 0.0 168.080001831 149.720001221 232.149993896
car 265.859985352 175.479995728 378.850006104 229.13999939
pedestrian 718.429992676 175.910003662 750.760009766 243.940002441
