car 592.719970703 175.660003662 644.780029297 217.979995728
car 9.22000026703 189.919998169 245.070007324 342.799987793
car 146.75 179.970001221 360.079986572 295.839996338
car 313.5 180.679992676 446.279998779 238.020004272
car 484.779998779 185.429992676 563.570007324 242.25
car 515.609985352 178.149993896 578.409973145 225.470001221
car 415.070007324 173.699996948 515.380004883 214.63999939
car 739.010009766 187.970001221 932.599975586 313.839996338
car 653.25 175.259994507 694.299987793 208.460006714
car 589.16998291 174.050003052 623.940002441 205.770004272
car 144.130004883 181.0 246.940002441 224.669998169
pedestrian 842.640014648 161.990005493 869.979980469 253.119995117
