car 592.789978027 171.429992676 652.75 228.11000061
car 900.219970703 172.899993896 1228.0300293 374.0
car 806.429992676 170.820007324 1028.93005371 295.420013428
car 771.760009766 160.729995728 940.929992676 254.369995117
car 672.710021973 169.580001831 770.16998291 210.460006714
car 653.140014648 169.300003052 714.369995117 194.5
car 271.529998779 173.320007324 365.950012207 222.050003052
car 343.200012207 176.279998779 408.920013428 214.029998779
car 396.279998779 179.63999939 445.279998779 205.190002441
car 463.660003662 174.520004272 499.799987793 194.0
car 276.630004883 177.759994507 330.989990234 209.550003052
