car 775.460021973 183.270004272 981.0 304.029998779
car 552.659973145 174.550003052 630.559997559 202.559997559
car 761.239990234 166.699996948 835.909973145 194.309997559
car 937.66998291 163.679992676 1032.38000488 190.059997559
car 404.700012207 178.009994507 468.880004883 205.559997559
car 236.86000061 181.979995728 298.470001221 208.429992676
car 584.469970703 174.570007324 607.229980469 190.119995117
car 546.91998291 175.419998169 573.510009766 191.330001831
pedestrian 473.070007324 170.559997559 487.070007324 218.729995728
cyclist 864.369995117 170.289993286 941.690002441 229.690002441
