car 545.760009766 183.660003662 592.349975586 221.940002441
car 27.75 201.600006104 464.079986572 374.0
car 94.9300003052 183.550003052 327.029998779 300.0
car 314.429992676 187.509994507 448.209991455 237.119995117
car 371.170013428 182.020004272 470.890014648 229.039993286
car 419.179992676 184.460006714 506.440002441 218.009994507
car 452.209991455 184.490005493 517.359985352 213.990005493
car 667.400024414 185.880004883 769.219970703 263.549987793
car 659.729980469 187.520004272 723.729980469 241.070007324
car 637.679992676 184.710006714 696.280029297 229.630004883
car 1.30999994278 188.630004883 161.160003662 244.520004272
car 560.020019531 181.86000061 594.479980469 212.589996338
