car 150.61000061 191.149993896 391.929992676 335.709991455
car 925.409973145 129.460006714 1151.27001953 208.630004883
car 1092.26000977 138.309997559 1205.60998535 188.699996948
car 424.209991455 187.059997559 504.190002441 238.839996338
car 340.230010986 183.13999939 471.040008545 262.559997559
car 696.479980469 170.449996948 758.340026855 212.470001221
car 469.790008545 182.449996948 526.780029297 224.679992676
car 504.489990234 184.240005493 543.609985352 215.729995728
car 625.08001709 177.589996338 663.450012207 208.100006104
car 689.58001709 172.669998169 790.229980469 207.830001831
car 663.380004883 174.479995728 710.210021973 199.619995117
car 628.820007324 169.320007324 672.25 185.309997559
car 499.799987793 172.160003662 544.940002441 185.660003662
