car 702.590026855 172.529998779 832.16998291 271.079986572
car 668.409973145 165.029998779 754.729980469 242.089996338
car 653.630004883 164.149993896 719.66998291 225.589996338
car 530.400024414 168.25 555.349975586 193.570007324
car 462.529998779 176.36000061 509.809997559 211.509994507
car 32.4199981689 195.910003662 342.640014648 347.609985352
car 278.390014648 185.789993286 418.760009766 272.730010986
pedestrian 863.270019531 151.339996338 906.929992676 253.089996338
pedestrian 618.640014648 163.88999939 629.309997559 195.149993896
pedestrian 625.469970703 165.350006104 635.799987793 195.720001221
cyclist 345.609985352 176.160003662 420.790008545 306.450012207
cyclist 440.149993896 169.699996948 476.75 248.25
