car 591.559997559 178.11000061 616.320007324 201.660003662
car 328.299987793 190.279998779 492.730010986 304.070007324
car 810.710021973 177.619995117 1241.0 374.0
car 744.25 171.729995728 937.760009766 335.459991455
car 671.530029297 180.440002441 760.119995117 246.210006714
car 642.469970703 178.539993286 681.880004883 212.559997559
car 660.030029297 177.160003662 723.159973145 229.75
car 336.480010986 188.190002441 419.519989014 218.410003662
car 224.910003662 188.979995728 318.380004883 220.509994507
car 630.489990234 178.429992676 656.380004883 200.059997559
pedestrian 863.340026855 153.039993286 907.010009766 277.929992676
