car 575.299987793 178.949996948 751.400024414 345.119995117
car 1171.11999512 179.029998779 1241.0 374.0
car 720.210021973 170.720001221 842.950012207 227.910003662
car 689.070007324 174.279998779 763.030029297 210.320007324
car 668.159973145 175.589996338 734.770019531 202.740005493
car 451.100006104 182.11000061 503.350006104 215.119995117
car 38.0499992371 195.11000061 229.720001221 269.829986572
car 554.940002441 176.059997559 583.190002441 194.880004883
car 599.289978027 173.880004883 621.719970703 189.630004883
car 352.649993896 182.589996338 425.570007324 218.210006714
car 401.309997559 175.660003662 451.549987793 211.759994507
car 457.540008545 178.070007324 501.179992676 202.399993896
car 514.429992676 178.330001831 554.440002441 195.720001221
car 234.169998169 180.940002441 311.859985352 217.600006104
car 219.490005493 180.380004883 302.029998779 207.470001221
