car 0.0 210.809997559 221.729995728 374.0
car 333.899993896 195.089996338 484.799987793 302.489990234
car 134.539993286 201.490005493 346.510009766 318.529998779
car 1218.40002441 160.600006104 1241.0 273.429992676
car 488.399993896 188.990005493 543.969970703 237.169998169
car 532.890014648 185.789993286 563.25 213.350006104
car 637.140014648 183.820007324 736.030029297 222.929992676
car 615.429992676 180.679992676 682.309997559 208.619995117
pedestrian 66.9800033569 183.949996948 103.480003357 302.649993896
cyclist 795.950012207 185.809997559 947.609985352 311.950012207
cyclist 877.409973145 184.800003052 1054.06994629 341.019989014
