car 586.109985352 178.300003052 655.559997559 234.75
car 0.0 165.960006714 66.3600006104 259.059997559
car 257.399993896 164.619995117 443.239990234 266.470001221
car 317.350006104 176.020004272 478.350006104 245.869995117
car 364.779998779 177.440002441 512.119995117 235.220001221
car 450.980010986 172.990005493 541.840026855 216.440002441
car 502.160003662 169.240005493 568.460021973 195.580001831
car 700.809997559 179.679992676 779.469970703 230.059997559
car 681.390014648 172.240005493 740.359985352 217.330001831
car 591.260009766 172.839996338 631.340026855 209.419998169
car 235.729995728 166.369995117 324.260009766 202.429992676
pedestrian 88.7600021362 127.559997559 194.089996338 374.0
pedestrian 669.75 171.259994507 687.75 209.850006104
