car 589.390014648 174.029998779 649.599975586 223.020004272
car 0.0 191.699996948 232.460006714 374.0
car 120.910003662 189.169998169 355.730010986 307.130004883
car 307.589996338 175.520004272 434.059997559 241.050003052
car 443.649993896 185.800003052 552.210021973 252.570007324
car 417.070007324 175.869995117 502.239990234 213.440002441
car 722.66998291 177.199996948 898.010009766 289.290008545
car 691.340026855 180.88999939 801.109985352 248.839996338
car 676.08001709 168.570007324 744.309997559 223.729995728
car 643.229980469 175.029998779 677.440002441 201.169998169
car 593.359985352 171.710006714 631.66998291 206.660003662
car 215.11000061 176.589996338 295.519989014 211.130004883
pedestrian 841.270019531 175.740005493 882.609985352 308.75
