car 586.880004883 172.949996948 688.190002441 268.649993896
car 767.299987793 167.960006714 979.039978027 276.609985352
car 686.799987793 167.449996948 779.020019531 207.880004883
car 669.030029297 170.940002441 728.989990234 199.220001221
car 655.770019531 170.990005493 711.979980469 193.210006714
car 0.0 178.779998779 63.5 282.820007324
car 63.6699981689 177.869995117 243.320007324 256.339996338
car 242.63999939 184.720001221 345.299987793 230.190002441
car 403.959991455 175.990005493 457.779998779 203.899993896
car 436.600006104 170.229995728 475.859985352 199.949996948
car 477.429992676 172.509994507 513.479980469 193.160003662
car 522.280029297 172.929992676 556.530029297 188.330001831
car 311.579986572 174.470001221 369.130004883 203.11000061
car 0.0 180.899993896 108.169998169 242.800003052
