car 574.729980469 181.899993896 632.239990234 228.899993896
car 0.0 173.419998169 223.580001831 374.0
car 298.470001221 183.270004272 453.170013428 248.190002441
car 358.929992676 185.410003662 484.209991455 237.100006104
car 510.730010986 184.440002441 567.91998291 222.029998779
car 664.700012207 180.289993286 739.369995117 232.649993896
car 629.450012207 179.88999939 655.559997559 200.270004272
car 151.88999939 188.25 289.010009766 251.380004883
car 589.0 177.990005493 628.119995117 213.699996948
car 122.120002747 182.309997559 219.13999939 224.679992676
cyclist 58.3300018311 182.779998779 109.660003662 228.220001221
