car 583.510009766 181.729995728 639.739990234 227.679992676
car 90.8199996948 186.160003662 350.609985352 332.299987793
car 238.080001831 163.13999939 446.209991455 288.739990234
car 362.220001221 185.949996948 505.619995117 246.350006104
car 385.869995117 182.460006714 510.690002441 235.100006104
car 443.049987793 183.75 528.979980469 219.529998779
car 474.130004883 182.350006104 548.140014648 213.899993896
car 693.989990234 185.160003662 776.280029297 240.63999939
car 658.130004883 184.449996948 693.820007324 212.11000061
car 590.260009766 179.449996948 626.900024414 211.369995117
car 0.0 193.850006104 67.3700027466 305.510009766
car 0.0 183.800003052 144.759994507 249.720001221
car 132.11000061 176.800003052 240.880004883 228.429992676
