car 592.340026855 175.020004272 645.099975586 217.899993896
car 92.1500015259 188.729995728 299.390014648 314.260009766
car 198.130004883 175.600006104 389.559997559 275.690002441
car 334.329986572 180.229995728 458.940002441 233.070007324
car 493.589996338 184.369995117 565.66998291 236.460006714
car 522.440002441 176.919998169 580.33001709 221.320007324
car 424.459991455 169.0 520.440002441 207.869995117
car 724.960021973 183.429992676 882.239990234 288.320007324
car 651.340026855 172.220001221 690.119995117 203.949996948
car 591.049987793 174.160003662 625.91998291 205.979995728
car 175.419998169 176.75 268.660003662 217.479995728
pedestrian 821.510009766 161.710006714 850.510009766 244.149993896
