car 561.609985352 177.5 609.659973145 216.61000061
car 0.0 190.25 222.220001221 332.649993896
car 265.910003662 197.839996338 495.079986572 350.149993896
car 411.079986572 183.289993286 536.140014648 274.679992676
car 291.600006104 176.470001221 441.149993896 242.050003052
car 387.130004883 175.589996338 488.5 211.229995728
car 649.309997559 179.5 711.229980469 228.440002441
car 632.0 178.86000061 674.570007324 211.899993896
car 175.979995728 178.0 270.450012207 216.5
car 561.229980469 174.520004272 594.630004883 204.990005493
pedestrian 1196.25 157.539993286 1241.0 374.0
