car 915.739990234 189.089996338 1241.0 374.0
car 791.010009766 185.649993896 1002.67999268 307.820007324
car 290.160003662 182.979995728 473.019989014 299.369995117
car 420.839996338 186.309997559 519.349975586 258.079986572
car 730.510009766 181.460006714 839.460021973 253.770004272
car 484.980010986 177.320007324 552.289978027 233.509994507
car 548.590026855 178.830001831 607.719970703 218.88999939
car 716.619995117 178.36000061 770.489990234 228.75
car 651.25 178.88999939 706.599975586 207.289993286
pedestrian 985.66998291 142.419998169 1054.20996094 292.540008545
