car 715.159973145 171.509994507 869.429992676 285.899993896
car 674.349975586 162.669998169 771.380004883 247.910003662
car 658.570007324 162.809997559 730.679992676 229.210006714
car 652.869995117 169.779998779 702.75 215.380004883
car 530.150024414 167.380004883 555.91998291 193.479995728
car 457.690002441 176.009994507 506.609985352 213.160003662
car 0.0 199.0 305.179992676 374.0
car 236.399993896 187.059997559 402.649993896 285.850006104
car 405.170013428 174.929992676 480.709991455 229.070007324
pedestrian 898.840026855 144.100006104 945.5 258.950012207
pedestrian 626.380004883 162.759994507 635.380004883 195.350006104
pedestrian 631.789978027 163.660003662 642.119995117 195.210006714
pedestrian 585.140014648 167.649993896 592.140014648 189.970001221
cyclist 264.5 178.949996948 370.700012207 347.959991455
cyclist 412.640014648 169.720001221 457.779998779 261.779998779
