car 574.049987793 177.520004272 630.780029297 223.630004883
car 23.6800003052 191.050003052 330.649993896 374.0
car 160.199996948 180.589996338 399.950012207 300.640014648
car 342.959991455 180.550003052 476.720001221 240.63999939
car 412.730010986 176.899993896 520.08001709 224.11000061
car 490.600006104 172.949996948 564.020019531 203.61000061
car 777.390014648 187.970001221 1011.88000488 320.190002441
car 673.41998291 181.720001221 729.950012207 221.330001831
car 298.079986572 179.679992676 381.0 221.789993286
car 591.369995117 175.330001831 628.479980469 209.179992676
car 0.0 180.809997559 126.730003357 232.910003662
car 200.679992676 177.11000061 288.739990234 211.820007324
