car 0.0 209.270004272 397.359985352 374.0
car 293.579986572 192.11000061 504.25 327.760009766
car 786.390014648 175.970001221 979.679992676 328.239990234
car 468.079986572 175.240005493 546.960021973 242.479995728
car 487.899993896 180.88999939 567.650024414 228.160003662
car 633.929992676 164.809997559 700.369995117 187.029998779
car 790.75 177.679992676 912.630004883 269.459991455
car 844.020019531 165.800003052 962.710021973 238.830001831
car 748.849975586 163.220001221 874.309997559 210.169998169
car 1081.88000488 162.479995728 1214.06005859 217.649993896
car 992.75 163.410003662 1097.45996094 198.36000061
