car 577.770019531 172.899993896 744.400024414 330.160003662
car 999.559997559 168.669998169 1241.0 374.0
car 710.25 168.160003662 827.489990234 221.130004883
car 684.549987793 171.869995117 755.020019531 206.270004272
car 665.690002441 172.809997559 730.41998291 198.86000061
car 0.0 187.009994507 47.5499992371 289.059997559
car 582.619995117 172.779998779 605.33001709 187.720001221
car 89.3499984741 192.580001831 256.959991455 259.279998779
car 363.899993896 180.279998779 432.100006104 214.0
car 408.230010986 172.660003662 456.309997559 207.369995117
car 461.350006104 174.949996948 503.190002441 198.38999939
car 515.150024414 175.270004272 553.719970703 192.279998779
car 249.240005493 177.800003052 323.730010986 212.589996338
car 235.009994507 177.899993896 313.299987793 203.660003662
