car 600.489990234 182.789993286 672.489990234 251.38999939
car 754.460021973 174.169998169 920.859985352 258.170013428
car 700.390014648 180.11000061 790.700012207 225.929992676
car 671.539978027 182.080001831 750.229980469 215.25
car 316.070007324 189.880004883 424.049987793 251.63999939
car 489.220001221 183.960006714 533.659973145 216.130004883
car 547.799987793 182.199996948 578.950012207 204.589996338
car 276.269989014 191.949996948 376.070007324 238.729995728
car 348.119995117 182.13999939 413.459991455 225.919998169
car 424.160003662 184.679992676 473.829986572 213.169998169
car 494.369995117 185.25 539.039978027 205.190002441
car 123.160003662 187.86000061 230.880004883 235.350006104
car 125.419998169 185.88999939 231.949996948 219.369995117
