car 0.0 186.710006714 455.489990234 374.0
car 1170.18005371 225.899993896 1241.0 374.0
car 837.690002441 178.460006714 1241.0 374.0
car 1218.93994141 133.919998169 1241.0 225.410003662
car 361.380004883 180.229995728 487.649993896 267.709991455
car 433.670013428 178.559997559 529.91998291 240.949996948
car 915.630004883 158.11000061 1020.21002197 214.809997559
car 841.799987793 164.279998779 938.190002441 211.419998169
car 810.700012207 163.580001831 892.989990234 206.649993896
car 793.380004883 167.910003662 877.66998291 206.130004883
car 677.869995117 175.770004272 739.289978027 223.550003052
car 513.679992676 173.729995728 569.179992676 213.630004883
car 726.200012207 163.229995728 790.270019531 191.649993896
