car 71.9700012207 191.330001831 372.320007324 362.589996338
car 953.270019531 125.410003662 1202.04003906 211.339996338
car 1121.91003418 133.850006104 1241.0 187.160003662
car 417.119995117 184.440002441 503.109985352 239.229995728
car 319.519989014 182.759994507 465.670013428 269.839996338
car 705.119995117 169.270004272 771.409973145 213.600006104
car 468.350006104 180.13999939 528.460021973 224.119995117
car 505.920013428 183.130004883 546.710021973 215.800003052
car 630.130004883 175.970001221 670.359985352 207.570007324
car 698.0 172.229995728 803.58001709 208.960006714
car 668.700012207 174.259994507 716.940002441 200.190002441
car 644.880004883 167.449996948 689.200012207 183.600006104
car 538.5 169.789993286 583.599975586 183.25
