car 0.0 198.960006714 371.660003662 374.0
car 783.679992676 182.419998169 954.33001709 293.709991455
car 742.08001709 182.490005493 846.299987793 253.059997559
car 423.619995117 181.619995117 528.590026855 252.119995117
car 484.910003662 182.029998779 552.030029297 232.490005493
car 712.570007324 179.690002441 784.520019531 230.979995728
car 522.150024414 177.979995728 574.059997559 222.050003052
car 568.380004883 177.300003052 618.239990234 210.36000061
car 708.539978027 178.940002441 752.16998291 218.770004272
car 656.849975586 176.520004272 707.520019531 200.960006714
pedestrian 838.83001709 156.88999939 868.020019531 240.970001221
