car 1073.81994629 211.289993286 1241.0 374.0
car 819.359985352 182.880004883 1134.43994141 374.0
car 0.0 186.800003052 82.1999969482 249.979995728
car 810.150024414 151.529998779 944.219970703 274.220001221
car 408.049987793 176.440002441 468.220001221 213.199996948
car 329.850006104 163.169998169 402.399993896 213.570007324
car 510.700012207 168.270004272 545.260009766 196.809997559
car 710.309997559 166.789993286 773.150024414 202.570007324
car 756.219970703 165.660003662 821.989990234 203.779998779
car 193.270004272 177.5 284.179992676 215.460006714
car 95.3199996948 181.600006104 177.449996948 215.690002441
