pedestrian 133.440002441 161.789993286 185.779998779 308.640014648
pedestrian 49.9799995422 147.440002441 119.309997559 320.109985352
pedestrian 265.239990234 151.919998169 357.239990234 355.489990234
pedestrian 661.570007324 171.800003052 672.900024414 213.289993286
pedestrian 670.549987793 174.729995728 679.210021973 210.580001831
pedestrian 1035.70996094 180.070007324 1051.38000488 221.929992676
pedestrian 1060.77001953 186.979995728 1087.43994141 229.720001221
cyclist 1197.84997559 173.570007324 1223.0 294.230010986
cyclist 902.179992676 175.960006714 983.409973145 292.929992676
cyclist 1082.06005859 186.490005493 1121.75 250.089996338
cyclist 920.270019531 176.949996948 963.840026855 218.380004883
