car 430.109985352 176.38999939 500.109985352 200.550003052
pedestrian 898.369995117 135.13999939 976.219970703 353.079986572
pedestrian 0.0 169.410003662 86.3199996948 300.809997559
pedestrian 69.8600006104 161.119995117 134.399993896 312.940002441
pedestrian 191.369995117 172.100006104 214.880004883 245.320007324
pedestrian 904.909973145 147.820007324 971.820007324 315.299987793
pedestrian 842.929992676 198.279998779 884.020019531 291.950012207
pedestrian 862.039978027 197.36000061 908.570007324 291.269989014
cyclist 401.279998779 163.75 444.350006104 240.759994507
cyclist 601.210021973 169.289993286 643.700012207 213.660003662
