car 765.739990234 151.979995728 1057.2199707 254.509994507
car 1114.93994141 146.100006104 1241.0 187.740005493
car 1076.25 149.720001221 1210.18005371 188.369995117
car 1037.55004883 149.779998779 1168.18994141 187.910003662
car 400.470001221 181.88999939 475.679992676 237.470001221
car 496.369995117 178.470001221 557.840026855 225.880004883
car 772.5 151.529998779 892.210021973 196.880004883
car 912.320007324 152.910003662 971.309997559 185.869995117
car 948.119995117 154.190002441 1013.97998047 184.119995117
car 435.519989014 183.190002441 500.309997559 225.679992676
car 641.099975586 174.940002441 682.140014648 203.089996338
car 592.950012207 178.779998779 621.469970703 201.529998779
