car 583.210021973 175.789993286 697.83001709 284.070007324
car 813.109985352 171.919998169 1060.81005859 315.730010986
car 692.950012207 170.910003662 792.700012207 215.199996948
car 673.530029297 173.479995728 736.849975586 203.779998779
car 657.460021973 173.660003662 716.539978027 197.220001221
car 0.0 181.080001831 186.820007324 275.309997559
car 199.539993286 188.330001831 318.660003662 240.029998779
car 389.359985352 180.070007324 447.730010986 209.800003052
car 426.25 173.029998779 468.510009766 204.330001831
car 471.410003662 175.199996948 509.589996338 196.880004883
car 518.549987793 175.869995117 554.130004883 191.820007324
car 290.709991455 177.589996338 354.299987793 208.199996948
car 0.0 184.259994507 46.8300018311 248.589996338
