car 569.229980469 179.429992676 620.530029297 219.429992676
car 126.970001221 188.649993896 324.109985352 288.950012207
car 373.559997559 191.979995728 522.309997559 294.730010986
car 454.100006104 183.850006104 550.16998291 256.410003662
car 338.040008545 173.960006714 470.570007324 229.850006104
car 927.41998291 221.449996948 1241.0 374.0
car 646.309997559 182.759994507 701.150024414 226.13999939
car 632.5 181.300003052 671.239990234 211.550003052
car 223.729995728 178.199996948 304.399993896 212.820007324
car 567.989990234 178.490005493 601.679992676 209.240005493
car 0.0 181.440002441 85.6600036621 243.199996948
pedestrian 977.520019531 164.050003052 1075.85998535 350.0
