car 594.539978027 185.039993286 658.570007324 237.850006104
car 0.0 161.470001221 123.580001831 374.0
car 43.0499992371 187.729995728 344.660003662 357.290008545
car 191.699996948 186.979995728 445.160003662 300.850006104
car 386.690002441 177.050003052 516.530029297 243.410003662
car 410.010009766 177.149993896 517.210021973 230.029998779
car 478.390014648 177.070007324 563.719970703 211.11000061
car 762.729980469 191.020004272 922.450012207 283.790008545
car 715.640014648 173.949996948 809.58001709 240.11000061
car 677.890014648 172.38999939 722.380004883 207.699996948
car 604.849975586 176.729995728 642.460021973 211.009994507
car 99.4100036621 172.050003052 235.309997559 222.300003052
pedestrian 699.599975586 177.449996948 721.929992676 231.490005493
