car 731.0 159.789993286 922.510009766 227.520004272
car 1224.31005859 135.809997559 1241.0 183.100006104
car 1039.14001465 146.460006714 1151.7800293 180.539993286
car 1010.30999756 147.919998169 1118.18994141 179.850006104
car 987.599975586 150.589996338 1095.22998047 182.630004883
car 463.160003662 181.199996948 516.75 223.320007324
car 546.090026855 177.020004272 585.219970703 207.369995117
car 763.549987793 157.960006714 862.440002441 195.63999939
car 888.159973145 150.350006104 937.200012207 179.039993286
car 922.770019531 154.509994507 976.239990234 180.550003052
car 651.619995117 172.419998169 686.91998291 196.559997559
