car 594.369995117 178.089996338 661.039978027 241.119995117
car 812.789978027 174.179992676 1007.40002441 294.299987793
car 715.059997559 177.300003052 856.549987793 242.100006104
car 157.270004272 182.38999939 353.559997559 281.019989014
car 0.0 197.669998169 84.8899993896 293.600006104
car 67.5899963379 177.850006104 240.789993286 266.350006104
car 447.269989014 181.160003662 516.58001709 218.279998779
car 571.530029297 172.630004883 603.210021973 196.470001221
car 298.910003662 181.020004272 394.859985352 226.679992676
car 437.359985352 181.660003662 499.399993896 209.300003052
car 664.070007324 174.279998779 688.940002441 191.729995728
car 164.100006104 183.850006104 282.420013428 228.529998779
