car 495.029998779 180.809997559 651.030029297 329.649993896
car 564.150024414 165.740005493 640.469970703 245.369995117
car 760.690002441 174.440002441 1005.03997803 345.75
car 686.219970703 177.38999939 809.679992676 267.279998779
car 656.210021973 175.940002441 728.559997559 237.11000061
car 91.5999984741 186.75 173.990005493 218.910003662
car 337.359985352 179.929992676 398.369995117 206.0
car 241.369995117 185.339996338 307.899993896 211.929992676
car 546.530029297 174.539993286 585.780029297 204.470001221
car 645.530029297 177.25 687.700012207 215.699996948
