pedestrian 253.5 174.350006104 269.170013428 226.440002441
pedestrian 271.779998779 175.649993896 290.779998779 220.759994507
pedestrian 416.660003662 178.199996948 429.329986572 226.039993286
pedestrian 400.0 181.589996338 417.329986572 222.020004272
pedestrian 654.799987793 178.460006714 668.799987793 218.630004883
pedestrian 678.16998291 184.190002441 697.16998291 224.369995117
cyclist 842.030029297 181.369995117 902.219970703 268.899993896
cyclist 0.0 170.779998779 369.829986572 369.0
cyclist 653.729980469 177.259994507 700.859985352 260.619995117
cyclist 633.340026855 182.279998779 667.520019531 220.740005493
