car 582.299987793 174.169998169 615.200012207 205.479995728
car 591.989990234 171.100006104 620.900024414 199.919998169
car 710.270019531 175.570007324 867.690002441 283.880004883
car 677.190002441 174.490005493 757.280029297 245.740005493
car 644.289978027 169.63999939 683.710021973 207.419998169
car 101.529998779 201.649993896 289.980010986 291.190002441
car 246.809997559 188.669998169 368.450012207 254.539993286
car 354.529998779 183.529998779 430.690002441 228.100006104
car 631.659973145 174.160003662 652.510009766 194.009994507
pedestrian 915.650024414 156.649993896 962.979980469 290.559997559
