car 594.270019531 178.410003662 619.200012207 202.130004883
car 143.779998779 197.570007324 449.390014648 374.0
car 904.659973145 178.710006714 1241.0 374.0
car 785.409973145 170.220001221 1074.23999023 374.0
car 681.41998291 180.550003052 785.599975586 256.040008545
car 647.469970703 178.910003662 690.390014648 215.38999939
car 667.469970703 177.380004883 738.400024414 235.740005493
car 322.529998779 190.210006714 410.739990234 222.279998779
car 204.699996948 191.630004883 304.170013428 225.100006104
car 635.58001709 178.600006104 662.770019531 201.199996948
pedestrian 913.340026855 148.520004272 952.66998291 300.100006104
