pedestrian 3.6400001049 156.919998169 66.6399993896 319.820007324
pedestrian 165.449996948 147.339996338 261.450012207 369.0
pedestrian 604.0 173.539993286 616.66998291 215.949996948
pedestrian 619.479980469 175.399993896 633.479980469 211.699996948
pedestrian 967.450012207 184.130004883 981.119995117 224.880004883
pedestrian 991.450012207 196.940002441 1013.7800293 238.550003052
cyclist 1131.06005859 175.809997559 1188.40002441 291.070007324
cyclist 823.770019531 175.729995728 908.210021973 300.720001221
cyclist 1004.90002441 191.720001221 1043.06994629 255.720001221
cyclist 874.070007324 188.330001831 914.349975586 229.160003662
