car 99.3300018311 185.649993896 496.140014648 374.0
car 958.059997559 208.089996338 1241.0 374.0
car 803.549987793 175.690002441 1185.25 374.0
car 1185.35998535 138.75 1241.0 226.449996948
car 399.119995117 179.479995728 514.280029297 256.279998779
car 460.350006104 178.619995117 548.890014648 235.61000061
car 909.33001709 160.169998169 1009.71002197 213.460006714
car 841.700012207 164.600006104 933.880004883 208.919998169
car 810.840026855 163.690002441 889.599975586 204.399993896
car 687.280029297 173.350006104 745.640014648 218.25
car 531.530029297 172.539993286 583.559997559 210.25
car 734.099975586 162.5 796.119995117 189.990005493
