car 578.989990234 173.740005493 731.41998291 317.640014648
car 949.570007324 166.899993896 1241.0 374.0
car 706.539978027 169.059997559 821.619995117 220.429992676
car 681.760009766 172.770004272 750.270019531 206.309997559
car 664.08001709 173.429992676 727.820007324 199.059997559
car 0.0 187.559997559 77.8600006104 290.190002441
car 591.070007324 172.880004883 612.549987793 186.850006104
car 110.300003052 192.279998779 268.089996338 256.179992676
car 368.140014648 180.600006104 435.299987793 213.630004883
car 411.660003662 173.550003052 458.510009766 207.630004883
car 462.950012207 175.520004272 504.200012207 198.669998169
car 515.820007324 175.63999939 553.849975586 192.449996948
car 256.739990234 178.479995728 329.350006104 212.470001221
car 240.720001221 177.509994507 317.450012207 202.86000061
