car 584.460021973 173.539993286 692.010009766 275.140014648
car 787.359985352 169.669998169 1015.78997803 293.450012207
car 689.400024414 168.729995728 785.809997559 211.130004883
car 670.599975586 170.979995728 732.609985352 200.320007324
car 656.260009766 171.88999939 713.960021973 194.75
car 4.32000017166 179.460006714 212.820007324 266.5
car 222.320007324 186.440002441 332.609985352 234.830001831
car 396.600006104 177.570007324 451.600006104 206.440002441
car 431.179992676 171.61000061 471.730010986 202.050003052
car 473.850006104 173.5 511.149993896 194.770004272
car 520.609985352 174.369995117 555.489990234 190.039993286
car 300.100006104 175.369995117 360.299987793 205.020004272
car 0.0 182.479995728 79.2799987793 246.789993286
