car 595.400024414 176.589996338 638.309997559 217.169998169
car 0.0 186.039993286 138.740005493 286.279998779
car 869.020019531 166.380004883 1124.33996582 332.279998779
car 795.25 172.570007324 1006.40002441 280.029998779
car 725.770019531 176.919998169 889.700012207 253.429992676
car 698.840026855 170.720001221 832.83001709 238.979995728
car 690.460021973 174.720001221 812.989990234 227.199996948
car 677.25 171.929992676 784.950012207 220.559997559
car 521.130004883 180.070007324 544.559997559 197.350006104
car 643.840026855 174.669998169 699.179992676 195.460006714
car 488.089996338 176.470001221 513.08001709 194.11000061
