car 597.0 179.88999939 659.969970703 230.979995728
car 156.75 177.11000061 408.760009766 337.649993896
car 257.369995117 178.179992676 447.859985352 279.25
car 421.200012207 177.509994507 543.530029297 227.669998169
car 469.730010986 173.339996338 547.130004883 210.630004883
car 485.649993896 173.899993896 562.450012207 207.009994507
car 792.729980469 168.990005493 1029.94995117 307.670013428
car 738.320007324 180.830001831 843.299987793 246.100006104
car 711.429992676 179.800003052 784.619995117 227.179992676
car 696.340026855 168.720001221 760.400024414 216.429992676
car 0.0 184.520004272 186.179992676 294.290008545
car 608.66998291 170.740005493 645.450012207 204.279998779
car 148.470001221 181.619995117 313.029998779 254.690002441
pedestrian 759.729980469 177.740005493 799.070007324 271.75
pedestrian 684.570007324 171.789993286 698.570007324 201.029998779
