car 724.739990234 159.63999939 892.780029297 219.11000061
car 1179.63000488 134.88999939 1241.0 179.929992676
car 1020.48999023 145.830001831 1124.93994141 177.75
car 997.369995117 149.210006714 1098.41003418 179.220001221
car 486.140014648 176.259994507 534.309997559 214.419998169
car 565.440002441 172.830001831 598.299987793 199.179992676
car 762.070007324 155.130004883 854.489990234 190.440002441
car 884.460021973 150.059997559 930.58001709 177.440002441
car 919.229980469 151.949996948 969.429992676 177.0
car 659.729980469 169.440002441 691.530029297 192.270004272
