car 566.950012207 180.320007324 615.630004883 219.839996338
car 58.0699996948 189.350006104 280.799987793 307.040008545
car 328.989990234 194.490005493 509.799987793 317.299987793
car 435.100006104 185.509994507 543.799987793 266.959991455
car 316.410003662 175.149993896 456.950012207 235.470001221
car 647.200012207 181.690002441 704.66998291 227.600006104
car 631.820007324 180.979995728 672.109985352 212.550003052
car 201.130004883 178.11000061 288.209991455 214.559997559
car 564.809997559 178.089996338 598.33001709 208.690002441
car 0.0 180.919998169 39.0099983215 242.339996338
pedestrian 1060.58996582 161.369995117 1188.58996582 374.0
