car 576.979980469 175.520004272 633.630004883 221.570007324
car 0.0 135.169998169 230.910003662 374.0
car 239.380004883 177.839996338 446.519989014 276.029998779
car 294.450012207 173.820007324 467.079986572 250.869995117
car 395.730010986 175.520004272 503.970001221 221.789993286
car 443.549987793 172.5 533.58001709 211.210006714
car 728.280029297 179.350006104 861.25 260.510009766
car 663.5 176.539993286 709.770019531 209.669998169
car 587.690002441 171.119995117 623.820007324 204.080001831
car 261.589996338 172.61000061 331.660003662 202.11000061
