car 600.559997559 178.199996948 628.119995117 204.410003662
car 719.799987793 179.830001831 870.289978027 284.269989014
car 1012.85998535 183.690002441 1241.0 374.0
car 8.14999961853 202.36000061 216.960006714 272.790008545
car 699.640014648 179.050003052 792.58001709 252.080001831
car 662.059997559 178.309997559 709.210021973 216.089996338
car 643.849975586 174.86000061 668.739990234 199.100006104
car 450.079986572 184.240005493 493.200012207 215.13999939
car 476.220001221 183.199996948 512.83001709 208.529998779
pedestrian 716.309997559 170.809997559 727.979980469 210.449996948
