car 719.210021973 153.710006714 868.590026855 206.699996948
car 1139.04003906 138.529998779 1241.0 180.149993896
car 1224.91003418 135.149993896 1241.0 182.229995728
car 1002.55999756 146.75 1099.66003418 176.649993896
car 979.159973145 148.61000061 1073.15002441 176.800003052
car 503.929992676 174.699996948 547.66998291 209.869995117
car 578.130004883 170.630004883 607.530029297 193.809997559
car 760.760009766 151.619995117 847.450012207 184.86000061
car 879.969970703 150.229995728 922.41998291 176.36000061
car 911.780029297 151.410003662 959.729980469 175.380004883
car 663.409973145 167.679992676 694.869995117 189.300003052
