car 592.929992676 173.490005493 643.66998291 221.479995728
car 216.0 192.080001831 364.339996338 267.350006104
car 810.719970703 167.559997559 1063.2800293 302.230010986
car 713.0 172.869995117 870.109985352 241.729995728
car 706.119995117 173.270004272 831.450012207 230.080001831
car 702.289978027 167.820007324 806.960021973 219.580001831
car 653.08001709 172.490005493 727.020019531 202.070007324
car 643.590026855 171.940002441 694.200012207 192.479995728
car 366.679992676 175.570007324 426.540008545 210.36000061
car 406.959991455 176.919998169 452.760009766 205.449996948
car 438.459991455 179.550003052 474.179992676 199.740005493
car 483.5 176.429992676 512.200012207 192.880004883
car 349.519989014 177.699996948 386.359985352 202.289993286
car 81.7099990845 179.630004883 124.0 207.970001221
