car 592.849975586 179.940002441 658.690002441 242.240005493
car 1161.19995117 158.539993286 1241.0 374.0
car 751.070007324 177.36000061 896.820007324 259.380004883
car 692.869995117 178.539993286 808.359985352 229.440002441
car 0.0 193.589996338 170.820007324 371.429992676
car 376.920013428 182.5 467.059997559 235.160003662
car 0.0 193.899993896 202.990005493 282.109985352
car 188.350006104 180.009994507 308.950012207 248.509994507
car 507.540008545 181.039993286 554.520019531 207.279998779
car 594.190002441 173.779998779 619.91998291 193.529998779
car 345.269989014 182.029998779 423.359985352 220.830001831
car 453.899993896 182.869995117 509.320007324 207.770004272
car 0.0 184.089996338 42.6300010681 228.970001221
car 646.140014648 176.300003052 672.130004883 194.270004272
car 230.740005493 182.929992676 324.600006104 220.720001221
