car 581.950012207 173.330001831 615.58001709 205.320007324
car 592.650024414 170.059997559 621.260009766 199.490005493
car 726.969970703 176.520004272 927.16998291 309.950012207
car 686.520019531 175.649993896 778.33001709 256.850006104
car 646.549987793 167.619995117 688.780029297 207.669998169
car 6.67999982834 203.309997559 246.460006714 310.559997559
car 201.86000061 187.210006714 345.549987793 261.059997559
car 334.170013428 181.559997559 418.649993896 229.449996948
car 632.229980469 171.169998169 653.83001709 191.710006714
pedestrian 1008.14001465 153.270004272 1078.4699707 335.209991455
