car 588.260009766 183.410003662 642.479980469 227.940002441
car 33.7099990845 184.240005493 324.609985352 368.190002441
car 304.970001221 182.520004272 475.170013428 257.829986572
car 363.700012207 179.960006714 494.869995117 244.399993896
car 420.660003662 180.61000061 519.559997559 223.38999939
car 948.119995117 173.38999939 1197.40002441 265.730010986
car 595.349975586 180.309997559 629.590026855 211.539993286
car 0.0 184.240005493 84.7099990845 299.660003662
car 135.580001831 175.550003052 254.339996338 225.770004272
car 234.970001221 183.419998169 309.0 215.25
pedestrian 754.409973145 177.080001831 786.08001709 250.470001221
