car 595.289978027 174.899993896 638.880004883 216.119995117
car 1044.35998535 165.210006714 1241.0 374.0
car 823.890014648 177.460006714 1087.20996094 329.619995117
car 750.869995117 168.410003662 947.690002441 280.130004883
car 723.049987793 173.309997559 892.5 250.440002441
car 701.400024414 168.63999939 843.729980469 235.339996338
car 684.390014648 174.350006104 790.729980469 215.600006104
car 493.279998779 181.13999939 525.010009766 203.979995728
car 661.770019531 172.979995728 739.16998291 203.350006104
car 647.190002441 174.220001221 710.340026855 198.190002441
car 473.769989014 175.570007324 502.160003662 195.089996338
car 451.709991455 177.11000061 470.470001221 192.130004883
