car 564.260009766 171.550003052 661.130004883 263.160003662
car 1057.0 163.699996948 1241.0 374.0
car 841.289978027 176.929992676 1103.0 330.029998779
car 749.070007324 166.070007324 979.159973145 274.420013428
car 740.229980469 174.619995117 902.520019531 246.449996948
car 0.0 180.630004883 144.690002441 283.589996338
car 83.75 172.199996948 247.36000061 250.039993286
pedestrian 688.380004883 170.839996338 705.0 214.649993896
pedestrian 5.61999988556 164.86000061 27.7700004578 241.210006714
pedestrian 924.010009766 160.880004883 933.960021973 201.669998169
pedestrian 922.469970703 163.830001831 928.909973145 193.63999939
