car 589.710021973 180.259994507 643.75 224.190002441
car 200.080001831 187.86000061 372.450012207 279.829986572
car 272.940002441 177.940002441 431.700012207 257.390014648
car 366.540008545 180.300003052 477.640014648 225.979995728
car 507.579986572 182.619995117 569.119995117 227.270004272
car 439.790008545 175.039993286 528.390014648 210.350006104
car 701.270019531 185.880004883 814.960021973 266.730010986
car 594.840026855 174.910003662 629.989990234 206.970001221
car 216.25 179.690002441 297.380004883 216.619995117
pedestrian 800.380004883 169.25 822.380004883 238.529998779
