car 562.369995117 170.199996948 586.309997559 188.490005493
car 960.719970703 180.899993896 1068.9699707 229.089996338
car 1034.0300293 183.190002441 1154.95996094 229.320007324
car 1097.43005371 183.529998779 1223.0 230.25
car 601.549987793 171.690002441 637.619995117 199.899993896
pedestrian 289.059997559 157.61000061 310.059997559 214.160003662
pedestrian 395.339996338 162.039993286 411.339996338 201.020004272
pedestrian 58.0499992371 147.380004883 104.050003052 249.149993896
pedestrian 289.570007324 154.759994507 304.570007324 194.88999939
pedestrian 21.7399997711 151.979995728 59.4900016785 246.020004272
pedestrian 321.559997559 154.399993896 335.559997559 197.220001221
pedestrian 305.070007324 158.86000061 316.399993896 196.559997559
pedestrian 128.199996948 154.740005493 162.869995117 242.699996948
pedestrian 77.0599975586 149.039993286 107.730003357 238.669998169
pedestrian 698.950012207 162.440002441 773.950012207 310.709991455
pedestrian 882.530029297 146.86000061 961.530029297 297.709991455
pedestrian 51.6599998474 156.320007324 77.6600036621 233.75
pedestrian 0.0 149.179992676 34.9399986267 235.869995117
pedestrian 276.369995117 155.119995117 286.040008545 190.429992676
pedestrian 220.399993896 153.259994507 230.399993896 197.149993896
pedestrian 1127.88000488 178.100006104 1139.2199707 214.190002441
cyclist 466.329986572 165.029998779 484.420013428 207.029998779
