car 0.0 215.839996338 97.3600006104 374.0
car 264.029998779 196.820007324 469.730010986 337.980010986
car 0.0 202.570007324 298.700012207 358.619995117
car 486.25 187.38999939 547.969970703 240.5
car 532.690002441 187.86000061 568.58001709 220.300003052
car 651.179992676 184.350006104 759.41998291 226.990005493
car 643.900024414 184.580001831 739.539978027 218.279998779
car 626.260009766 182.789993286 697.359985352 212.5
cyclist 898.780029297 188.919998169 1121.63000488 364.170013428
cyclist 1010.35998535 192.550003052 1241.0 374.0
