car 1094.08996582 183.690002441 1223.0 234.919998169
car 1032.58996582 183.949996948 1156.80004883 232.710006714
car 952.940002441 181.690002441 1068.7800293 234.199996948
car 602.489990234 172.660003662 636.549987793 202.990005493
pedestrian 183.490005493 149.0 198.820007324 196.470001221
pedestrian 35.8400001526 144.800003052 80.4300003052 247.339996338
pedestrian 216.970001221 154.240005493 242.38999939 214.330001831
pedestrian 190.089996338 150.419998169 212.839996338 211.509994507
pedestrian 733.320007324 150.130004883 796.340026855 316.640014648
pedestrian 769.91998291 150.220001221 831.530029297 306.089996338
pedestrian 865.469970703 140.089996338 947.409973145 321.089996338
pedestrian 860.66998291 145.330001831 949.789978027 349.480010986
cyclist 573.950012207 162.990005493 665.109985352 278.529998779
cyclist 629.789978027 156.289993286 730.010009766 266.799987793
cyclist 437.429992676 167.970001221 467.440002441 219.550003052
