car 257.769989014 182.970001221 493.019989014 353.5
car 1201.70996094 276.880004883 1241.0 374.0
car 759.159973145 187.960006714 1072.01000977 374.0
car 681.510009766 189.86000061 823.880004883 299.0
car 409.609985352 182.679992676 515.549987793 273.730010986
car 453.429992676 185.869995117 534.460021973 246.61000061
car 660.650024414 182.869995117 745.619995117 248.160003662
car 638.58001709 182.830001831 700.650024414 232.149993896
car 519.140014648 181.660003662 560.960021973 216.570007324
car 539.840026855 172.800003052 576.400024414 209.330001831
car 556.33001709 176.229995728 589.859985352 206.509994507
