pedestrian 635.280029297 184.940002441 648.950012207 221.800003052
pedestrian 116.029998779 177.660003662 135.699996948 236.470001221
pedestrian 140.63999939 181.36000061 161.309997559 231.960006714
pedestrian 293.779998779 180.509994507 313.119995117 233.179992676
pedestrian 276.660003662 184.050003052 298.0 228.970001221
pedestrian 571.510009766 177.350006104 589.840026855 219.289993286
pedestrian 596.91998291 183.75 608.590026855 225.580001831
cyclist 787.530029297 175.320007324 849.979980469 259.119995117
cyclist 548.739990234 177.570007324 610.659973145 280.089996338
cyclist 572.590026855 181.660003662 606.880004883 220.479995728
