car 0.0 214.960006714 344.799987793 374.0
car 221.919998169 193.679992676 488.320007324 360.170013428
car 813.840026855 174.490005493 1067.98999023 364.410003662
car 453.630004883 172.380004883 538.859985352 245.410003662
car 478.839996338 180.669998169 564.900024414 231.210006714
car 676.030029297 162.38999939 743.280029297 184.729995728
car 813.570007324 177.199996948 945.179992676 282.0
car 862.789978027 164.690002441 990.299987793 244.830001831
car 755.880004883 163.080001831 889.030029297 212.740005493
car 1114.38000488 163.520004272 1241.0 222.910003662
car 1011.28997803 164.320007324 1120.83996582 201.070007324
