car 600.549987793 182.440002441 687.690002441 265.329986572
car 729.190002441 175.36000061 865.809997559 240.779998779
car 691.799987793 180.270004272 771.530029297 219.970001221
car 670.179992676 181.729995728 740.940002441 211.229995728
car 0.0 203.869995117 172.830001831 294.880004883
car 463.549987793 184.789993286 514.309997559 217.949996948
car 542.510009766 181.5 574.630004883 204.350006104
car 584.030029297 179.960006714 606.530029297 197.399993896
car 326.790008545 189.699996948 407.899993896 229.559997559
car 384.059997559 181.809997559 439.410003662 220.550003052
car 445.459991455 183.270004272 490.859985352 209.179992676
car 505.670013428 184.089996338 547.619995117 202.619995117
car 197.61000061 187.300003052 284.190002441 227.820007324
car 183.0 185.949996948 274.299987793 215.789993286
