car 208.169998169 190.990005493 407.880004883 316.049987793
car 0.0 190.149993896 360.239990234 374.0
car 901.400024414 133.169998169 1108.80004883 206.789993286
car 1065.33996582 141.279998779 1169.36999512 189.029998779
car 1113.35998535 143.169998169 1230.93005371 186.61000061
car 430.029998779 187.460006714 504.799987793 236.279998779
car 356.519989014 185.339996338 474.390014648 259.130004883
car 688.16998291 172.960006714 746.530029297 212.960006714
car 471.100006104 184.559997559 525.239990234 225.199996948
car 619.979980469 181.020004272 656.609985352 210.669998169
car 681.83001709 173.080001831 778.0 206.800003052
car 613.849975586 173.0 656.140014648 188.929992676
