car 597.989990234 179.380004883 621.659973145 201.899993896
car 878.950012207 205.839996338 1241.0 374.0
car 752.320007324 184.179992676 1014.20001221 350.779998779
car 547.159973145 181.449996948 576.66998291 205.910003662
car 690.299987793 181.729995728 773.539978027 245.570007324
car 666.299987793 176.199996948 735.789978027 232.070007324
car 645.380004883 177.910003662 684.950012207 209.240005493
car 428.829986572 183.36000061 482.369995117 203.539993286
car 354.690002441 184.580001831 414.929992676 205.63999939
pedestrian 730.950012207 165.880004883 749.130004883 216.470001221
