car 586.799987793 188.320007324 665.770019531 254.25
car 153.259994507 181.179992676 283.019989014 240.88999939
car 397.019989014 174.570007324 510.269989014 229.580001831
car 439.140014648 181.910003662 539.909973145 219.419998169
car 482.160003662 179.199996948 554.460021973 210.679992676
car 517.039978027 177.050003052 570.840026855 198.169998169
car 670.679992676 179.710006714 719.690002441 213.410003662
car 580.070007324 181.580001831 623.179992676 221.080001831
car 320.470001221 176.13999939 381.329986572 203.470001221
pedestrian 428.869995117 164.729995728 456.869995117 264.130004883
cyclist 918.599975586 169.429992676 1068.5300293 274.279998779
