car 960.909973145 180.899993896 1069.20996094 229.089996338
car 1034.22998047 183.179992676 1155.20996094 229.330001831
car 1097.63000488 183.529998779 1223.0 230.259994507
car 601.630004883 171.690002441 637.719970703 199.899993896
pedestrian 328.600006104 159.479995728 344.600006104 200.580001831
pedestrian 434.609985352 164.11000061 442.940002441 194.550003052
pedestrian 327.0 156.38999939 337.0 189.0
pedestrian 353.179992676 154.460006714 365.519989014 189.320007324
pedestrian 343.890014648 166.63999939 375.230010986 247.169998169
pedestrian 441.029998779 158.429992676 475.369995117 248.809997559
pedestrian 296.269989014 155.830001831 311.600006104 197.330001831
pedestrian 221.119995117 153.259994507 231.789993286 197.149993896
pedestrian 967.140014648 172.440002441 979.479980469 209.050003052
cyclist 578.979980469 159.509994507 621.91998291 239.210006714
