pedestrian 605.25 184.809997559 621.25 222.300003052
pedestrian 56.8400001526 177.539993286 75.3399963379 240.190002441
pedestrian 76.8099975586 182.479995728 97.4800033569 236.440002441
pedestrian 234.490005493 181.449996948 256.489990234 237.36000061
pedestrian 228.070007324 184.570007324 246.070007324 232.330001831
pedestrian 537.770019531 176.63999939 556.109985352 219.740005493
pedestrian 565.400024414 184.940002441 583.729980469 227.970001221
cyclist 776.66998291 175.470001221 838.450012207 259.100006104
cyclist 496.709991455 176.899993896 568.66998291 293.700012207
cyclist 551.010009766 181.210006714 585.289978027 220.279998779
