car 593.359985352 175.770004272 637.900024414 217.899993896
car 1011.42999268 157.279998779 1241.0 374.0
car 822.760009766 175.449996948 1107.84997559 341.089996338
car 761.780029297 165.149993896 975.820007324 281.839996338
car 745.25 176.039993286 898.280029297 253.820007324
car 710.820007324 175.440002441 854.630004883 234.550003052
car 514.150024414 179.119995117 538.789978027 195.490005493
car 424.510009766 184.119995117 480.609985352 220.479995728
car 671.950012207 173.220001221 767.570007324 211.679992676
car 653.960021973 174.009994507 729.489990234 203.199996948
car 452.700012207 176.320007324 486.170013428 198.490005493
car 431.040008545 177.589996338 452.720001221 194.339996338
