car 521.239990234 182.070007324 549.900024414 207.229995728
car 198.479995728 177.550003052 262.940002441 210.070007324
car 253.919998169 181.300003052 307.320007324 206.13999939
car 1034.0 196.300003052 1139.79003906 233.550003052
car 299.380004883 182.13999939 344.040008545 204.690002441
car 546.049987793 179.600006104 568.700012207 197.600006104
car 569.219970703 179.380004883 620.479980469 230.460006714
car 113.910003662 181.11000061 201.940002441 214.539993286
car 1135.59997559 197.279998779 1224.32995605 231.520004272
cyclist 889.059997559 187.830001831 917.75 233.179992676
