car 594.659973145 177.710006714 637.210021973 217.949996948
car 0.0 195.800003052 78.1200027466 285.359985352
car 52.1800003052 184.229995728 245.080001831 262.890014648
car 775.83001709 170.949996948 955.719970703 270.589996338
car 743.359985352 173.529998779 904.799987793 248.75
car 696.429992676 178.509994507 828.020019531 236.559997559
car 680.849975586 171.570007324 793.0 225.779998779
car 677.859985352 175.289993286 781.099975586 218.550003052
car 666.91998291 173.440002441 759.070007324 214.699996948
car 532.799987793 180.279998779 552.549987793 195.149993896
car 642.719970703 175.369995117 693.849975586 194.509994507
car 495.920013428 177.910003662 519.059997559 194.479995728
