car 594.969970703 174.029998779 638.929992676 215.61000061
car 965.849975586 183.300003052 1241.0 374.0
car 807.869995117 165.570007324 1057.97998047 328.829986572
car 751.159973145 173.309997559 957.179992676 273.459991455
car 719.979980469 167.470001221 885.520019531 249.220001221
car 715.469970703 175.100006104 837.770019531 234.539993286
car 693.190002441 173.960006714 812.979980469 221.279998779
car 528.690002441 176.839996338 548.679992676 190.979995728
car 470.730010986 181.210006714 509.920013428 208.350006104
car 666.429992676 171.979995728 750.780029297 205.309997559
car 649.929992676 173.520004272 717.880004883 199.449996948
car 465.380004883 175.779998779 495.779998779 196.369995117
car 443.109985352 175.649993896 463.040008545 191.369995117
