car 581.599975586 172.449996948 615.969970703 205.149993896
car 593.349975586 168.990005493 622.159973145 199.039993286
car 748.729980469 177.520004272 1021.34002686 349.950012207
car 697.719970703 175.699996948 805.929992676 269.720001221
car 649.179992676 166.800003052 694.599975586 209.380004883
car 0.0 205.179992676 192.429992676 334.130004883
car 144.169998169 187.050003052 317.320007324 271.290008545
car 310.640014648 182.330001831 405.190002441 234.669998169
car 633.820007324 170.0 656.159973145 191.210006714
pedestrian 1138.68005371 143.199996948 1241.0 374.0
