car 593.119995117 176.050003052 637.840026855 218.350006104
car 1155.76000977 156.020004272 1241.0 374.0
car 854.880004883 177.119995117 1170.20996094 374.0
car 777.859985352 164.570007324 1010.61999512 295.029998779
car 755.510009766 176.36000061 918.770019531 260.640014648
car 716.549987793 175.910003662 867.950012207 238.940002441
car 510.070007324 179.070007324 535.91998291 196.130004883
car 408.269989014 184.559997559 470.609985352 224.199996948
car 673.590026855 173.589996338 772.520019531 213.589996338
car 654.940002441 174.419998169 732.520019531 204.539993286
car 449.239990234 176.380004883 483.559997559 198.970001221
car 427.600006104 177.869995117 449.769989014 194.88999939
