car 595.630004883 178.029998779 662.719970703 241.399993896
car 845.070007324 173.990005493 1067.17004395 317.510009766
car 725.190002441 177.800003052 878.75 249.509994507
car 0.0 182.960006714 274.839996338 322.549987793
car 9.85000038147 177.490005493 210.789993286 275.690002441
car 415.549987793 182.699996948 497.279998779 226.11000061
car 561.760009766 173.600006104 596.210021973 199.259994507
car 280.320007324 181.919998169 383.459991455 230.369995117
car 431.049987793 182.179992676 494.859985352 211.0
car 669.900024414 174.539993286 694.539978027 191.830001831
car 136.309997559 184.589996338 265.709991455 232.320007324
