car 598.960021973 177.149993896 622.710021973 199.75
car 1052.81005859 219.550003052 1241.0 374.0
car 790.989990234 184.259994507 1208.2800293 374.0
car 542.539978027 179.600006104 575.159973145 206.419998169
car 700.16998291 181.210006714 798.0 254.240005493
car 672.059997559 175.449996948 750.450012207 237.559997559
car 665.75 172.970001221 720.650024414 225.119995117
car 648.25 178.720001221 690.659973145 212.11000061
car 422.679992676 182.789993286 478.470001221 203.740005493
car 345.799987793 183.880004883 408.579986572 205.75
pedestrian 739.210021973 163.520004272 759.599975586 217.88999939
