car 860.309997559 186.179992676 1224.0 374.0
car 773.719970703 184.740005493 945.090026855 288.019989014
car 336.089996338 183.229995728 488.600006104 283.339996338
car 440.859985352 185.190002441 528.520019531 249.899993896
car 723.599975586 180.729995728 819.989990234 246.050003052
car 494.230010986 177.649993896 557.090026855 230.100006104
car 553.570007324 179.080001831 609.979980469 217.119995117
car 712.530029297 178.850006104 762.859985352 225.960006714
car 652.849975586 177.960006714 707.450012207 205.199996948
pedestrian 928.219970703 147.63999939 981.549987793 272.209991455
