pedestrian 236.940002441 166.520004272 283.609985352 302.700012207
pedestrian 168.919998169 150.279998779 229.919998169 308.230010986
pedestrian 355.540008545 154.449996948 425.209991455 335.859985352
pedestrian 716.260009766 168.990005493 727.91998291 210.070007324
pedestrian 730.809997559 175.080001831 744.150024414 210.789993286
pedestrian 1108.81005859 174.449996948 1122.14001465 217.770004272
pedestrian 1137.2199707 182.199996948 1161.2199707 226.479995728
cyclist 985.619995117 173.61000061 1063.07995605 285.420013428
cyclist 1160.82995605 181.119995117 1202.41003418 244.949996948
cyclist 969.090026855 174.199996948 1016.08001709 216.600006104
