car 558.070007324 168.350006104 585.66998291 192.339996338
car 617.840026855 175.179992676 764.809997559 227.869995117
car 960.520019531 180.899993896 1068.72998047 229.080001831
car 1033.81994629 183.190002441 1154.69995117 229.309997559
car 1097.2199707 183.529998779 1223.0 230.25
car 601.460021973 171.690002441 637.520019531 199.899993896
pedestrian 264.230010986 154.830001831 296.549987793 245.88999939
pedestrian 322.279998779 159.550003052 346.0 214.580001831
pedestrian 126.669998169 149.729995728 163.0 235.039993286
pedestrian 201.130004883 153.119995117 227.559997559 204.75
pedestrian 120.330001831 154.119995117 150.5 233.039993286
pedestrian 211.740005493 149.0 246.660003662 206.119995117
pedestrian 206.669998169 154.669998169 228.130004883 204.880004883
pedestrian 239.690002441 157.880004883 259.760009766 218.410003662
pedestrian 206.86000061 152.740005493 229.940002441 215.690002441
pedestrian 199.729995728 159.11000061 214.61000061 212.539993286
pedestrian 171.190002441 155.089996338 194.960006714 214.5
pedestrian 221.520004272 153.270004272 236.479995728 197.13999939
cyclist 525.570007324 163.479995728 533.239990234 184.589996338
