car 1094.47998047 184.020004272 1223.0 235.289993286
car 1032.4699707 183.919998169 1156.9699707 232.679992676
car 952.869995117 181.729995728 1068.75 234.259994507
car 602.510009766 172.61000061 636.590026855 202.940002441
pedestrian 188.839996338 148.899993896 206.160003662 196.210006714
pedestrian 183.600006104 151.990005493 217.600006104 226.88999939
pedestrian 252.210006714 154.300003052 271.549987793 206.309997559
pedestrian 217.960006714 152.330001831 241.630004883 205.0
pedestrian 533.200012207 158.86000061 588.530029297 285.010009766
pedestrian 573.039978027 152.429992676 626.539978027 272.809997559
pedestrian 630.450012207 149.25 682.789978027 286.279998779
pedestrian 990.179992676 143.11000061 1116.18005371 358.320007324
pedestrian 1011.14001465 150.289993286 1129.80004883 338.140014648
pedestrian 754.41998291 145.470001221 862.090026855 347.510009766
pedestrian 810.33001709 149.479995728 878.659973145 335.640014648
pedestrian 825.840026855 158.789993286 886.16998291 316.130004883
pedestrian 585.960021973 153.720001221 656.960021973 302.209991455
cyclist 465.559997559 166.589996338 502.260009766 223.479995728
cyclist 501.649993896 168.61000061 517.570007324 198.399993896
cyclist 822.16998291 140.320007324 940.650024414 293.829986572
