car 0.0 199.949996948 406.820007324 374.0
car 908.16998291 145.130004883 1241.0 374.0
car 747.119995117 165.039993286 1151.7800293 298.350006104
car 0.0 203.970001221 275.459991455 374.0
car 656.960021973 163.699996948 838.469970703 238.529998779
car 638.429992676 174.669998169 677.859985352 209.11000061
car 624.210021973 173.509994507 660.460021973 206.880004883
car 546.200012207 173.130004883 563.229980469 191.199996948
pedestrian 577.150024414 171.460006714 586.150024414 191.910003662
pedestrian 582.200012207 171.419998169 590.530029297 191.320007324
