car 593.41998291 175.550003052 646.070007324 225.350006104
car 0.0 204.86000061 227.679992676 353.769989014
car 902.260009766 166.259994507 1234.09997559 374.0
car 735.349975586 174.740005493 918.859985352 260.609985352
car 724.179992676 173.369995117 868.140014648 240.699996948
car 715.390014648 168.550003052 832.479980469 227.63999939
car 658.289978027 174.740005493 737.630004883 206.949996948
car 646.059997559 174.789993286 699.210021973 196.589996338
car 345.809997559 176.479995728 413.029998779 214.479995728
car 392.920013428 180.240005493 442.950012207 210.86000061
car 429.200012207 183.75 467.869995117 205.490005493
car 477.769989014 178.720001221 510.0 195.910003662
car 333.380004883 180.210006714 374.019989014 206.520004272
car 44.0999984741 181.520004272 87.7699966431 212.199996948
