car 317.910003662 186.839996338 505.980010986 329.029998779
car 972.900024414 240.520004272 1241.0 374.0
car 736.030029297 191.580001831 968.070007324 367.670013428
car 673.780029297 193.440002441 796.179992676 290.160003662
car 429.799987793 188.089996338 524.869995117 270.470001221
car 465.920013428 190.830001831 539.969970703 247.679992676
car 656.66998291 186.960006714 734.479980469 247.660003662
car 637.16998291 189.449996948 695.549987793 236.789993286
car 523.530029297 187.669998169 563.299987793 221.679992676
car 541.150024414 178.339996338 576.229980469 213.5
car 558.349975586 182.460006714 590.719970703 211.960006714
