car 30.7199993134 203.270004272 301.0 346.079986572
car 382.630004883 190.509994507 501.470001221 276.269989014
car 229.149993896 195.679992676 385.850006104 287.0
car 1105.83996582 149.470001221 1241.0 250.710006714
car 500.25 182.649993896 547.960021973 223.800003052
car 555.130004883 181.970001221 572.289978027 197.850006104
car 633.869995117 178.580001831 725.539978027 214.679992676
car 612.650024414 178.330001831 676.070007324 204.820007324
cyclist 782.08001709 177.080001831 898.119995117 275.420013428
cyclist 814.640014648 176.229995728 941.299987793 290.820007324
