car 1232.81005859 169.089996338 1241.0 374.0
car 334.989990234 181.050003052 563.890014648 319.670013428
car 839.760009766 195.339996338 1241.0 374.0
car 793.619995117 178.449996948 1013.16998291 329.149993896
car 1141.66003418 144.36000061 1241.0 225.039993286
car 479.579986572 182.309997559 568.559997559 245.270004272
car 520.989990234 178.190002441 597.679992676 226.770004272
car 856.570007324 167.369995117 943.289978027 207.619995117
car 722.159973145 175.940002441 771.400024414 216.160003662
car 580.159973145 175.779998779 626.789978027 209.690002441
