pedestrian 0.0 150.380004883 90.8099975586 286.670013428
pedestrian 0.0 145.880004883 52.9799995422 279.269989014
pedestrian 605.020019531 166.960006714 638.41998291 248.720001221
pedestrian 789.989990234 153.160003662 812.059997559 216.229995728
pedestrian 667.979980469 156.919998169 682.340026855 195.229995728
pedestrian 636.219970703 161.220001221 646.989990234 199.36000061
pedestrian 652.469970703 159.619995117 664.08001709 197.809997559
pedestrian 706.109985352 154.490005493 719.25 192.339996338
pedestrian 720.380004883 152.0 732.58001709 192.869995117
cyclist 793.229980469 150.080001831 844.690002441 262.200012207
cyclist 461.929992676 161.25 492.170013428 214.13999939
