car 0.0 202.75 382.0 374.0
car 945.770019531 160.940002441 1241.0 374.0
car 379.420013428 174.259994507 495.720001221 272.350006104
car 428.350006104 178.910003662 533.869995117 242.279998779
car 781.83001709 158.970001221 850.369995117 181.589996338
car 906.739990234 180.38999939 1106.2199707 357.890014648
car 921.799987793 169.309997559 1082.56005859 281.079986572
car 760.08001709 158.850006104 917.960021973 217.470001221
car 1208.39001465 164.63999939 1241.0 234.320007324
car 1046.89001465 162.0 1169.93005371 204.179992676
