car 595.179992676 174.61000061 638.900024414 215.949996948
car 1176.40002441 163.509994507 1241.0 374.0
car 857.859985352 178.259994507 1148.17004395 360.850006104
car 765.849975586 167.729995728 979.659973145 292.720001221
car 731.440002441 172.949996948 912.33001709 256.649993896
car 706.83001709 168.300003052 856.119995117 239.36000061
car 687.08001709 174.229995728 797.539978027 217.330001831
car 534.969970703 178.029998779 553.630004883 191.259994507
car 486.429992676 181.289993286 520.229980469 205.470001221
car 663.229980469 172.669998169 742.820007324 203.960006714
car 648.049987793 174.0 712.729980469 198.589996338
car 471.070007324 175.490005493 500.119995117 195.369995117
car 448.799987793 177.089996338 467.940002441 192.339996338
