car 595.070007324 178.570007324 662.549987793 242.259994507
car 894.820007324 173.559997559 1151.08996582 352.720001221
car 739.130004883 177.490005493 907.25 257.839996338
car 0.0 186.759994507 140.179992676 355.320007324
car 0.0 177.050003052 175.240005493 286.619995117
car 371.880004883 184.119995117 473.700012207 236.220001221
car 552.280029297 173.660003662 589.840026855 201.460006714
car 259.910003662 182.61000061 371.809997559 234.279998779
car 425.299987793 182.410003662 491.609985352 212.479995728
car 677.179992676 174.009994507 701.489990234 191.160003662
car 104.660003662 185.429992676 247.059997559 236.63999939
