car 544.059997559 167.990005493 589.460021973 206.169998169
car 848.469970703 181.38999939 1025.56994629 239.050003052
car 960.440002441 180.899993896 1068.61999512 229.080001831
car 1033.72998047 183.190002441 1154.58996582 229.309997559
car 1097.13000488 183.529998779 1223.0 230.240005493
car 601.41998291 171.690002441 637.479980469 199.899993896
pedestrian 350.670013428 156.720001221 396.329986572 272.119995117
pedestrian 281.649993896 158.220001221 308.649993896 224.440002441
pedestrian 126.88999939 149.770004272 164.220001221 235.240005493
pedestrian 160.940002441 148.830001831 191.050003052 207.330001831
pedestrian 122.550003052 154.119995117 148.550003052 232.910003662
pedestrian 190.419998169 146.479995728 209.759994507 211.009994507
pedestrian 154.190002441 153.330001831 180.190002441 210.589996338
pedestrian 259.75 158.259994507 278.75 211.509994507
pedestrian 237.830001831 154.13999939 256.170013428 210.119995117
pedestrian 228.960006714 159.710006714 243.300003052 207.660003662
pedestrian 210.220001221 155.369995117 230.88999939 208.050003052
pedestrian 223.63999939 153.270004272 234.970001221 197.13999939
