car 593.090026855 176.279998779 644.479980469 218.050003052
car 0.0 191.490005493 166.490005493 374.0
car 80.6900024414 179.509994507 321.450012207 316.0
car 288.089996338 181.720001221 430.25 244.449996948
car 472.329986572 186.470001221 559.200012207 248.88999939
car 507.809997559 179.550003052 576.260009766 230.220001221
car 404.709991455 175.479995728 509.739990234 218.770004272
car 757.090026855 192.210006714 1005.07000732 348.179992676
car 653.909973145 176.020004272 697.260009766 210.809997559
car 586.450012207 174.850006104 621.0 206.369995117
car 108.190002441 181.460006714 222.419998169 228.449996948
pedestrian 867.320007324 163.679992676 893.979980469 265.399993896
