car 0.0 196.839996338 308.480010986 374.0
car 1025.33996582 116.730003357 1241.0 219.880004883
car 1189.16003418 130.259994507 1241.0 186.529998779
car 394.559997559 186.470001221 498.380004883 250.320007324
car 258.829986572 186.839996338 448.450012207 298.089996338
car 724.179992676 170.070007324 802.479980469 220.050003052
car 460.649993896 181.63999939 529.809997559 230.949996948
car 506.130004883 183.199996948 551.140014648 218.979995728
car 640.229980469 177.080001831 682.780029297 211.179992676
car 716.239990234 171.259994507 833.41998291 211.63999939
car 680.590026855 174.649993896 731.900024414 202.399993896
car 613.140014648 169.759994507 658.25 183.25
car 504.869995117 172.970001221 543.289978027 185.699996948
