car 1018.70001221 207.449996948 1241.0 374.0
car 0.0 187.100006104 229.5 281.790008545
car 519.390014648 171.160003662 621.020019531 212.259994507
car 768.929992676 169.190002441 873.309997559 200.600006104
car 593.760009766 174.190002441 656.640014648 202.479995728
car 266.290008545 179.259994507 362.859985352 214.589996338
car 567.659973145 177.11000061 593.530029297 194.720001221
car 524.58001709 176.940002441 555.039978027 195.0
pedestrian 392.559997559 168.710006714 414.890014648 239.529998779
cyclist 1000.48999023 165.070007324 1146.93005371 264.200012207
