car 589.039978027 176.070007324 613.530029297 199.380004883
car 429.640014648 184.970001221 524.260009766 254.210006714
car 891.289978027 188.970001221 1241.0 374.0
car 744.289978027 175.300003052 1028.27001953 366.929992676
car 709.679992676 171.759994507 838.450012207 286.140014648
car 661.91998291 178.11000061 734.460021973 233.270004272
car 637.950012207 177.789993286 673.229980469 208.699996948
car 652.260009766 176.710006714 706.159973145 222.580001831
car 353.829986572 184.729995728 429.839996338 212.479995728
car 252.259994507 185.119995117 337.850006104 214.089996338
car 627.08001709 177.130004883 651.33001709 197.460006714
pedestrian 815.200012207 155.410003662 850.190002441 254.539993286
