car 584.549987793 181.0 641.150024414 227.100006104
car 190.5 177.649993896 390.850006104 294.739990234
car 284.790008545 178.130004883 458.160003662 264.529998779
car 389.109985352 177.880004883 515.5 228.630004883
car 454.149993896 176.990005493 537.229980469 210.630004883
car 999.239990234 202.479995728 1241.0 374.0
car 813.780029297 163.490005493 1110.79003906 337.839996338
car 847.659973145 170.020004272 1011.34002686 232.5
car 591.039978027 176.520004272 625.979980469 208.399993896
car 0.0 178.179992676 147.940002441 293.850006104
car 110.760002136 178.830001831 277.769989014 257.690002441
car 236.419998169 170.88999939 320.170013428 210.309997559
pedestrian 715.0 173.240005493 737.66998291 227.029998779
