car 587.369995117 182.630004883 654.58001709 237.669998169
car 173.240005493 172.050003052 400.700012207 306.980010986
car 262.019989014 183.0 453.769989014 270.119995117
car 328.470001221 181.460006714 497.299987793 250.330001831
car 433.970001221 176.789993286 534.950012207 225.88999939
car 496.829986572 175.350006104 567.489990234 203.779998779
car 715.340026855 184.470001221 810.200012207 244.179992676
car 690.109985352 173.13999939 756.900024414 223.199996948
car 594.510009766 176.440002441 633.770019531 212.270004272
car 196.369995117 171.289993286 296.760009766 211.070007324
pedestrian 677.039978027 174.660003662 693.369995117 217.309997559
