car 590.650024414 171.240005493 655.25 232.289993286
car 911.039978027 172.919998169 1203.36999512 374.0
car 821.280029297 158.63999939 1031.15002441 285.100006104
car 680.549987793 170.190002441 788.650024414 216.649993896
car 658.359985352 168.990005493 724.099975586 196.220001221
car 654.789978027 170.160003662 700.890014648 191.410003662
car 222.25 174.179992676 337.260009766 230.38999939
car 312.25 176.86000061 388.519989014 219.009994507
car 376.079986572 180.940002441 431.160003662 208.850006104
car 453.510009766 174.229995728 492.209991455 194.940002441
car 243.300003052 178.520004272 305.190002441 213.479995728
