car 595.83001709 174.660003662 624.299987793 201.75
car 763.219970703 181.740005493 1046.10998535 360.140014648
car 0.0 205.259994507 95.5400009155 297.720001221
car 721.530029297 177.5 858.880004883 278.420013428
car 664.33001709 174.36000061 722.609985352 218.720001221
car 642.359985352 172.479995728 669.650024414 198.86000061
car 386.290008545 186.070007324 449.559997559 224.029998779
car 422.029998779 183.520004272 473.130004883 218.520004272
car 456.339996338 180.589996338 498.059997559 208.440002441
pedestrian 727.599975586 167.13999939 743.599975586 214.309997559
