car 1089.51000977 146.720001221 1241.0 267.390014648
car 991.859985352 158.88999939 1196.85998535 244.970001221
car 923.150024414 163.740005493 1077.80004883 233.190002441
car 903.41998291 182.970001221 1241.0 374.0
car 768.659973145 187.710006714 984.719970703 319.600006104
car 139.380004883 181.289993286 447.790008545 361.890014648
car 882.08001709 163.410003662 1011.39001465 220.720001221
car 801.729980469 153.75 937.390014648 210.63999939
car 452.649993896 173.0 541.229980469 242.960006714
car 490.739990234 173.350006104 561.969970703 224.38999939
