car 0.0 214.330001831 304.910003662 374.0
car 865.289978027 157.88999939 1151.81005859 293.579986572
car 259.190002441 186.779998779 457.190002441 310.829986572
car 423.209991455 189.160003662 518.710021973 258.029998779
car 469.570007324 182.649993896 542.929992676 235.029998779
car 673.159973145 176.309997559 738.109985352 233.880004883
car 824.75 162.160003662 1076.51000977 242.899993896
car 509.549987793 175.820007324 555.049987793 216.220001221
car 510.600006104 177.440002441 565.090026855 208.130004883
car 299.410003662 176.550003052 362.5 197.649993896
car 690.840026855 177.339996338 761.83001709 222.13999939
car 729.989990234 171.720001221 803.539978027 212.880004883
