car 523.400024414 167.669998169 588.700012207 221.100006104
car 1021.44000244 184.550003052 1214.18005371 242.330001831
car 960.390014648 180.899993896 1068.56994629 229.080001831
car 1033.68994141 183.190002441 1154.5300293 229.309997559
car 1097.07995605 183.529998779 1223.0 230.240005493
car 601.400024414 171.690002441 637.450012207 199.899993896
pedestrian 429.670013428 154.210006714 485.089996338 284.950012207
pedestrian 244.660003662 157.020004272 278.119995117 231.399993896
pedestrian 130.800003052 150.88999939 163.009994507 236.600006104
pedestrian 142.869995117 146.630004883 162.36000061 209.539993286
pedestrian 123.449996948 153.990005493 151.970001221 232.279998779
pedestrian 196.089996338 146.320007324 221.11000061 214.589996338
pedestrian 167.130004883 152.190002441 190.220001221 213.050003052
pedestrian 271.809997559 158.63999939 284.510009766 208.809997559
pedestrian 248.690002441 153.410003662 264.959991455 206.350006104
pedestrian 238.050003052 159.899993896 252.929992676 205.380004883
pedestrian 217.039993286 156.279998779 233.779998779 206.350006104
pedestrian 221.479995728 153.270004272 236.440002441 197.13999939
