car 589.5 178.169998169 720.039978027 301.410003662
car 1229.85998535 186.289993286 1241.0 374.0
car 722.229980469 172.669998169 847.690002441 231.029998779
car 690.820007324 177.059997559 765.340026855 213.669998169
car 669.820007324 178.399993896 736.950012207 206.029998779
car 360.269989014 188.100006104 444.149993896 237.88999939
car 25.4300003052 198.460006714 224.0 275.570007324
car 529.349975586 179.169998169 562.070007324 201.419998169
car 580.280029297 176.509994507 605.700012207 194.179992676
car 350.260009766 185.690002441 425.010009766 222.130004883
car 398.579986572 178.059997559 450.070007324 214.449996948
car 456.119995117 179.449996948 500.089996338 203.970001221
car 513.679992676 180.660003662 553.969970703 198.330001831
car 230.149993896 182.830001831 308.549987793 220.009994507
car 216.13999939 181.279998779 299.519989014 208.679992676
