car 1094.39001465 183.940002441 1223.0 235.199996948
car 1032.5 183.919998169 1156.93005371 232.679992676
car 952.890014648 181.720001221 1068.76000977 234.240005493
car 602.5 172.619995117 636.58001709 202.949996948
pedestrian 184.130004883 148.940002441 199.460006714 196.300003052
pedestrian 153.190002441 151.020004272 192.509994507 231.169998169
pedestrian 252.089996338 155.539993286 273.329986572 209.220001221
pedestrian 216.460006714 152.11000061 237.190002441 206.470001221
pedestrian 570.840026855 155.130004883 621.400024414 289.130004883
pedestrian 608.489990234 151.190002441 659.309997559 277.75
pedestrian 653.479980469 149.020004272 715.0 295.450012207
pedestrian 1132.63000488 144.130004883 1223.0 369.0
pedestrian 1130.95996094 150.309997559 1223.0 345.970001221
pedestrian 852.849975586 148.710006714 974.849975586 369.0
pedestrian 868.039978027 149.13999939 975.520019531 354.489990234
pedestrian 910.760009766 158.270004272 992.25 330.429992676
pedestrian 643.140014648 151.630004883 710.400024414 310.589996338
cyclist 479.119995117 165.86000061 523.5 232.300003052
cyclist 512.640014648 161.059997559 561.33001709 227.289993286
cyclist 491.769989014 168.490005493 509.859985352 201.63999939
cyclist 959.760009766 135.330001831 1145.30004883 326.380004883
