car 587.520019531 178.720001221 646.510009766 226.669998169
car 51.2200012207 189.979995728 384.670013428 369.100006104
car 316.589996338 179.740005493 461.059997559 257.140014648
car 367.559997559 178.229995728 501.040008545 240.399993896
car 431.619995117 177.279998779 535.320007324 218.25
car 829.190002441 196.550003052 1132.5 356.559997559
car 756.539978027 171.830001831 916.099975586 277.350006104
car 810.219970703 172.38999939 943.119995117 223.210006714
car 0.0 183.350006104 188.649993896 298.399993896
car 594.789978027 175.729995728 630.140014648 207.970001221
car 116.839996338 175.509994507 278.690002441 255.289993286
car 239.690002441 182.300003052 353.649993896 241.339996338
pedestrian 711.179992676 173.929992676 724.510009766 218.88999939
