car 595.58001709 176.940002441 619.570007324 199.770004272
car 1109.38000488 204.350006104 1241.0 374.0
car 517.049987793 180.199996948 562.25 216.080001831
car 736.059997559 183.539993286 904.989990234 299.899993896
car 689.109985352 176.020004272 802.700012207 262.350006104
car 677.070007324 173.479995728 749.299987793 240.679992676
car 652.950012207 178.61000061 704.619995117 218.570007324
car 637.409973145 176.550003052 665.929992676 202.0
car 646.979980469 176.149993896 687.770019531 211.369995117
car 398.190002441 183.089996338 460.859985352 206.419998169
car 312.5 182.929992676 383.179992676 207.25
pedestrian 761.849975586 160.940002441 785.179992676 227.850006104
