car 587.940002441 176.669998169 670.340026855 254.520004272
car 718.049987793 171.559997559 877.190002441 244.789993286
car 673.479980469 171.419998169 754.739990234 205.839996338
car 658.820007324 173.63999939 712.780029297 198.850006104
car 650.789978027 174.619995117 702.059997559 194.850006104
car 0.0 176.949996948 208.339996338 268.459991455
car 187.970001221 182.330001831 311.730010986 242.919998169
car 305.269989014 186.949996948 383.730010986 224.539993286
car 426.149993896 179.990005493 473.779998779 204.759994507
car 452.029998779 174.720001221 487.480010986 201.380004883
car 486.170013428 175.75 519.190002441 194.850006104
car 526.369995117 176.649993896 558.239990234 191.020004272
car 1127.14001465 183.619995117 1241.0 224.910003662
car 112.980003357 181.089996338 208.11000061 228.759994507
