car 294.799987793 194.600006104 463.649993896 295.519989014
car 0.0 193.460006714 362.399993896 374.0
car 766.909973145 170.009994507 882.599975586 238.520004272
car 416.75 184.199996948 514.159973145 251.050003052
car 487.410003662 187.240005493 546.650024414 232.509994507
car 509.100006104 184.470001221 559.58001709 222.309997559
car 657.270019531 179.119995117 706.109985352 220.350006104
car 751.359985352 165.460006714 903.739990234 216.86000061
car 671.25 180.240005493 728.429992676 214.520004272
car 704.340026855 174.86000061 763.820007324 207.169998169
car 631.400024414 171.330001831 670.659973145 184.25
