car 595.559997559 176.309997559 638.559997559 216.979995728
car 0.0 186.63999939 101.760002136 286.470001221
car 911.159973145 164.270004272 1195.7800293 363.179992676
car 815.229980469 172.479995728 1043.84997559 292.989990234
car 736.489990234 176.279998779 912.539978027 259.489990234
car 704.799987793 170.440002441 845.66998291 243.419998169
car 694.450012207 174.539993286 822.950012207 229.979995728
car 680.409973145 171.470001221 792.820007324 222.380004883
car 673.710021973 174.820007324 763.289978027 208.809997559
car 517.590026855 180.009994507 542.16998291 198.020004272
car 644.130004883 174.429992676 700.630004883 195.679992676
car 485.920013428 176.169998169 511.420013428 194.089996338
