car 594.190002441 181.600006104 659.409973145 243.539993286
car 873.58001709 168.089996338 1137.73999023 340.709991455
car 720.190002441 178.820007324 838.309997559 241.789993286
car 679.590026855 180.339996338 777.619995117 222.580001831
car 292.589996338 185.820007324 414.220001221 258.619995117
car 463.679992676 181.470001221 520.030029297 217.220001221
car 128.690002441 193.479995728 291.529998779 259.839996338
car 261.029998779 180.410003662 353.559997559 236.910003662
car 545.010009766 180.740005493 581.210021973 201.119995117
car 379.910003662 182.520004272 443.359985352 216.399993896
car 465.320007324 183.080001831 517.260009766 205.759994507
car 0.0 190.130004883 82.0599975586 254.330001831
car 0.0 185.039993286 129.009994507 227.949996948
car 634.210021973 178.38999939 656.849975586 197.119995117
car 665.119995117 176.380004883 690.409973145 191.220001221
car 280.529998779 182.630004883 358.100006104 215.550003052
