car 587.969970703 174.61000061 647.809997559 223.270004272
car 91.0199966431 187.199996948 345.880004883 311.309997559
car 226.630004883 187.410003662 415.420013428 274.359985352
car 352.480010986 176.029998779 460.869995117 231.309997559
car 473.489990234 184.759994507 559.440002441 239.279998779
car 436.079986572 177.830001831 513.440002441 211.699996948
car 700.890014648 175.559997559 829.479980469 261.070007324
car 678.380004883 179.020004272 765.400024414 234.720001221
car 668.219970703 167.789993286 726.039978027 215.880004883
car 640.25 174.029998779 671.679992676 198.240005493
car 0.0 196.979995728 95.5699996948 298.450012207
car 594.880004883 172.759994507 633.460021973 207.960006714
car 0.0 183.600006104 58.8600006104 241.339996338
