car 588.119995117 171.960006714 660.119995117 240.0
car 958.979980469 151.419998169 1241.0 374.0
car 694.679992676 167.539993286 819.320007324 223.940002441
car 664.820007324 167.380004883 737.369995117 197.720001221
car 655.479980469 169.61000061 705.090026855 192.570007324
car 129.970001221 173.820007324 284.950012207 243.11000061
car 263.809997559 176.990005493 357.809997559 226.0
car 342.980010986 181.789993286 407.859985352 213.559997559
car 438.970001221 174.75 480.649993896 197.25
car 462.790008545 169.970001221 493.690002441 194.460006714
car 492.010009766 171.949996948 522.440002441 189.729995728
car 1041.61999512 181.300003052 1178.19995117 216.119995117
car 187.399993896 179.75 262.799987793 220.070007324
