car 904.969970703 171.729995728 1241.0 374.0
car 745.150024414 152.960006714 992.679992676 341.209991455
car 697.989990234 153.960006714 835.16998291 267.0
car 686.08001709 170.339996338 763.380004883 236.770004272
car 529.299987793 169.789993286 560.16998291 200.539993286
car 417.440002441 180.619995117 490.670013428 231.520004272
car 0.0 199.410003662 204.61000061 374.0
car 124.239997864 189.580001831 373.950012207 327.420013428
car 308.720001221 179.419998169 440.359985352 263.859985352
pedestrian 663.83001709 162.160003662 679.5 203.339996338
pedestrian 672.41998291 164.470001221 686.41998291 204.13999939
pedestrian 611.880004883 168.830001831 619.880004883 194.399993896
