car 856.369995117 148.75 1241.0 374.0
car 739.179992676 147.029998779 989.809997559 335.880004883
car 712.559997559 173.270004272 826.25 264.269989014
car 520.640014648 174.029998779 555.729980469 208.440002441
car 365.859985352 186.179992676 464.709991455 252.619995117
car 0.0 197.559997559 241.600006104 374.0
car 163.919998169 184.25 381.75 312.0
pedestrian 693.010009766 164.419998169 709.349975586 213.119995117
pedestrian 692.640014648 166.559997559 706.969970703 213.440002441
pedestrian 624.909973145 172.289993286 633.58001709 200.279998779
pedestrian 449.209991455 181.309997559 460.540008545 215.369995117
