car 593.83001709 172.539993286 650.710021973 226.300003052
car 812.010009766 171.699996948 1062.81005859 312.540008545
car 763.760009766 171.350006104 949.5 266.609985352
car 746.190002441 163.149993896 892.190002441 240.550003052
car 666.83001709 171.630004883 756.83001709 208.75
car 650.030029297 171.050003052 708.0 194.809997559
car 302.269989014 175.130004883 384.989990234 219.380004883
car 363.700012207 176.660003662 422.779998779 211.470001221
car 409.910003662 180.740005493 454.619995117 204.669998169
car 469.899993896 175.63999939 504.480010986 194.210006714
car 299.119995117 178.240005493 348.299987793 207.88999939
car 0.0 179.830001831 14.7100000381 213.929992676
