pedestrian 667.140014648 185.520004272 680.799987793 221.839996338
pedestrian 186.36000061 174.570007324 205.020004272 229.800003052
pedestrian 205.119995117 176.399993896 228.119995117 223.729995728
pedestrian 353.350006104 179.429992676 371.350006104 229.61000061
pedestrian 343.200012207 181.990005493 361.200012207 224.490005493
pedestrian 616.299987793 178.270004272 628.630004883 219.25
pedestrian 634.190002441 185.410003662 651.859985352 226.440002441
cyclist 811.25 179.160003662 874.66998291 264.589996338
cyclist 600.049987793 178.460006714 653.309997559 270.339996338
cyclist 603.109985352 181.970001221 637.320007324 220.61000061
