car 1135.51000977 151.679992676 1241.0 360.660003662
car 0.0 199.339996338 330.679992676 374.0
car 318.480010986 194.38999939 490.5 309.75
car 419.149993896 187.169998169 533.280029297 264.5
car 716.340026855 178.070007324 809.299987793 262.279998779
car 988.150024414 154.440002441 1241.0 301.25
car 496.359985352 177.160003662 554.039978027 227.75
car 503.010009766 182.490005493 567.059997559 219.839996338
car 465.100006104 171.88999939 528.539978027 193.5
car 729.809997559 176.300003052 818.41998291 236.600006104
car 775.510009766 170.320007324 866.859985352 223.130004883
car 974.130004883 164.559997559 1075.39001465 207.119995117
car 924.599975586 164.070007324 1009.98999023 192.949996948
