car 1058.18005371 248.61000061 1241.0 374.0
car 425.940002441 183.289993286 539.109985352 275.220001221
car 784.719970703 212.38999939 1068.48999023 374.0
car 706.41998291 191.559997559 833.25 297.220001221
car 666.5 190.080001831 752.109985352 259.600006104
car 481.109985352 191.539993286 551.140014648 254.100006104
car 654.489990234 187.580001831 716.599975586 236.779998779
car 639.66998291 186.520004272 687.950012207 225.809997559
car 539.479980469 186.039993286 574.140014648 215.899993896
car 556.289978027 179.630004883 587.41998291 211.130004883
car 570.190002441 181.940002441 599.429992676 208.720001221
