car 0.0 206.550003052 343.839996338 374.0
car 779.590026855 165.080001831 1241.0 333.709991455
car 0.0 209.199996948 220.580001831 374.0
car 663.5 164.740005493 867.119995117 248.11000061
car 160.240005493 194.25 353.619995117 305.109985352
car 641.450012207 175.990005493 683.320007324 212.320007324
car 626.559997559 173.729995728 664.729980469 208.729995728
car 546.010009766 173.919998169 563.5 192.399993896
pedestrian 580.530029297 171.820007324 589.030029297 192.86000061
pedestrian 585.469970703 172.960006714 592.469970703 193.399993896
