car 0.0 192.199996948 325.200012207 374.0
car 1011.94000244 189.559997559 1241.0 374.0
car 247.0 188.479995728 437.339996338 310.899993896
car 372.859985352 183.960006714 495.809997559 261.869995117
car 948.809997559 158.470001221 1066.88000488 224.850006104
car 853.590026855 168.479995728 960.539978027 222.710006714
car 817.900024414 167.259994507 908.979980469 216.070007324
car 799.130004883 171.919998169 891.599975586 214.910003662
car 778.390014648 168.259994507 868.159973145 208.690002441
car 668.130004883 179.039993286 738.66998291 234.199996948
car 482.720001221 179.75 546.130004883 224.729995728
car 714.369995117 169.130004883 783.099975586 199.600006104
