car 50.8600006104 189.869995117 376.279998779 374.0
car 300.420013428 183.070007324 469.730010986 283.380004883
car 1010.61999512 150.570007324 1146.31994629 230.490005493
car 895.5 162.509994507 1018.66998291 226.839996338
car 845.429992676 164.669998169 949.099975586 221.419998169
car 821.41998291 168.080001831 924.900024414 216.699996948
car 797.5 164.559997559 897.659973145 210.149993896
car 676.210021973 174.559997559 757.799987793 239.729995728
car 667.150024414 181.600006104 723.609985352 223.5
car 461.559997559 174.979995728 535.320007324 226.520004272
car 718.989990234 165.490005493 793.83001709 198.520004272
