car 593.5 180.080001831 709.679992676 289.779998779
car 723.140014648 173.460006714 850.059997559 232.5
car 690.489990234 178.039993286 765.940002441 215.220001221
car 669.510009766 179.539993286 737.090026855 207.440002441
car 296.100006104 191.279998779 404.459991455 253.520004272
car 13.75 199.830001831 218.740005493 278.640014648
car 516.429992676 180.279998779 552.41998291 204.320007324
car 572.530029297 177.919998169 599.280029297 196.539993286
car 347.480010986 186.080001831 422.440002441 222.929992676
car 397.290008545 178.839996338 449.399993896 215.509994507
car 454.100006104 180.619995117 498.559997559 205.449996948
car 512.380004883 182.509994507 552.840026855 200.350006104
car 226.729995728 183.460006714 306.010009766 221.050003052
car 210.429992676 182.320007324 295.230010986 210.190002441
