car 0.0 197.289993286 331.600006104 374.0
car 1139.30004883 150.240005493 1241.0 269.010009766
car 1014.09002686 151.289993286 1178.79003906 248.190002441
car 944.440002441 158.789993286 1097.02001953 234.600006104
car 892.770019531 158.470001221 1035.61999512 225.589996338
car 856.41998291 166.119995117 992.989990234 218.899993896
car 731.320007324 172.630004883 896.059997559 292.119995117
car 705.630004883 181.009994507 795.760009766 244.820007324
car 392.459991455 176.589996338 515.719970703 257.140014648
car 758.010009766 158.059997559 855.539978027 200.190002441
car 523.820007324 174.789993286 573.070007324 212.779998779
car 564.900024414 172.330001831 629.41998291 195.699996948
