car 590.849975586 184.270004272 656.150024414 238.009994507
car 28.4200000763 173.529998779 321.769989014 374.0
car 184.559997559 183.429992676 417.190002441 297.869995117
car 276.929992676 184.089996338 477.809997559 269.769989014
car 413.929992676 179.440002441 527.409973145 235.850006104
car 489.149993896 177.63999939 565.979980469 208.63999939
car 735.299987793 189.149993896 854.859985352 262.420013428
car 701.570007324 174.529998779 779.450012207 231.36000061
car 599.799987793 178.720001221 638.150024414 213.699996948
car 155.479995728 172.410003662 270.140014648 216.699996948
pedestrian 685.41998291 178.25 706.41998291 225.960006714
