car 543.869995117 183.75 591.75 221.830001831
car 0.0 211.63999939 372.660003662 374.0
car 0.0 186.270004272 220.990005493 361.899993896
car 271.829986572 187.759994507 423.420013428 246.770004272
car 343.600006104 181.470001221 455.700012207 235.800003052
car 400.619995117 183.63999939 496.559997559 221.130004883
car 440.0 184.61000061 511.350006104 217.210006714
car 683.619995117 186.580001831 822.979980469 287.859985352
car 674.659973145 188.820007324 754.159973145 254.160003662
car 643.239990234 183.820007324 714.219970703 235.910003662
car 184.050003052 186.789993286 274.010009766 226.36000061
car 562.289978027 180.630004883 598.059997559 211.429992676
