car 1035.01000977 203.38999939 1241.0 374.0
car 701.659973145 163.149993896 1021.45001221 291.269989014
car 0.0 202.86000061 223.940002441 374.0
car 655.820007324 179.740005493 707.0 223.210006714
car 640.489990234 175.490005493 685.880004883 216.419998169
car 548.359985352 175.960006714 567.320007324 195.820007324
pedestrian 1042.4699707 157.080001831 1071.14001465 235.050003052
pedestrian 737.309997559 168.300003052 754.640014648 217.490005493
pedestrian 593.320007324 173.050003052 602.989990234 196.029998779
pedestrian 599.210021973 174.539993286 607.549987793 196.919998169
