car 591.039978027 177.61000061 644.429992676 221.009994507
car 153.470001221 188.11000061 340.540008545 294.399993896
car 239.270004272 176.300003052 412.850006104 264.820007324
car 351.470001221 180.270004272 468.940002441 229.259994507
car 501.100006104 183.440002441 567.5 231.529998779
car 528.119995117 178.710006714 581.799987793 220.509994507
car 432.670013428 173.779998779 524.780029297 210.779998779
car 712.549987793 185.130004883 844.5 276.570007324
car 649.619995117 174.229995728 686.340026855 204.61000061
car 592.950012207 174.279998779 627.91998291 206.190002441
car 202.919998169 177.710006714 288.079986572 215.970001221
pedestrian 812.630004883 165.699996948 834.630004883 240.899993896
