car 592.640014648 176.619995117 637.729980469 219.279998779
car 963.340026855 182.630004883 1241.0 374.0
car 822.549987793 162.880004883 1104.0300293 333.600006104
car 781.489990234 177.149993896 969.880004883 278.329986572
car 730.400024414 177.039993286 899.640014648 249.710006714
car 500.459991455 180.410003662 529.159973145 199.029998779
car 365.630004883 186.839996338 445.579986572 235.279998779
car 677.270019531 174.399993896 783.539978027 217.880004883
car 657.070007324 175.330001831 739.109985352 207.470001221
car 441.890014648 176.509994507 478.040008545 200.0
car 462.670013428 176.88999939 492.299987793 197.169998169
car 420.359985352 178.449996948 443.579986572 196.059997559
