car 1211.82995605 99.8799972534 1241.0 374.0
car 248.460006714 187.220001221 419.059997559 296.5
car 0.0 183.229995728 450.059997559 374.0
car 880.239990234 136.380004883 1071.93994141 205.179992676
car 1040.76000977 142.929992676 1136.29003906 188.330001831
car 1086.94995117 145.13999939 1195.41003418 186.380004883
car 434.820007324 185.949996948 505.019989014 231.919998169
car 370.440002441 187.279998779 477.350006104 256.209991455
car 680.530029297 175.240005493 735.809997559 213.399993896
car 472.269989014 183.960006714 523.770019531 222.800003052
car 614.869995117 181.440002441 650.679992676 210.179992676
car 674.650024414 173.460006714 766.75 205.850006104
car 598.849975586 174.050003052 640.440002441 189.869995117
