car 569.309997559 175.070007324 770.409973145 364.779998779
car 1147.98999023 176.190002441 1241.0 374.0
car 718.219970703 169.13999939 840.880004883 225.75
car 688.229980469 173.330001831 761.869995117 209.089996338
car 668.099975586 174.229995728 734.559997559 201.190002441
car 530.450012207 176.850006104 561.030029297 197.669998169
car 45.9500007629 193.529998779 233.080001831 266.769989014
car 592.429992676 172.789993286 616.659973145 187.770004272
car 353.029998779 181.199996948 426.730010986 216.449996948
car 402.279998779 173.740005493 452.320007324 209.649993896
car 457.459991455 175.690002441 500.850006104 199.839996338
car 515.039978027 176.839996338 553.409973145 194.149993896
car 236.869995117 178.850006104 313.399993896 214.979995728
car 222.929992676 179.190002441 304.559997559 205.940002441
