car 563.0 182.259994507 621.719970703 230.339996338
car 0.0 196.449996948 141.009994507 374.0
car 0.0 220.759994507 439.970001221 374.0
car 323.609985352 190.600006104 490.470001221 317.190002441
car 407.230010986 190.919998169 514.450012207 267.850006104
car 281.309997559 190.009994507 416.839996338 255.0
car 524.090026855 180.86000061 559.270019531 206.979995728
car 775.710021973 204.88999939 1241.0 374.0
car 705.479980469 178.550003052 855.099975586 292.149993896
car 631.400024414 183.25 680.849975586 219.63999939
car 171.160003662 184.169998169 266.029998779 220.88999939
car 572.820007324 179.880004883 609.66998291 213.539993286
car 0.0 190.710006714 112.370002747 248.210006714
pedestrian 701.41998291 169.960006714 710.75 207.669998169
