car 592.289978027 175.720001221 616.400024414 198.660003662
car 499.820007324 179.820007324 553.380004883 221.339996338
car 757.859985352 183.770004272 989.010009766 334.920013428
car 698.059997559 175.279998779 835.570007324 277.600006104
car 682.539978027 172.550003052 765.229980469 248.740005493
car 653.440002441 177.279998779 709.820007324 220.660003662
car 636.989990234 176.61000061 667.159973145 203.410003662
car 647.340026855 176.259994507 691.090026855 214.0
car 385.0 182.949996948 451.100006104 207.38999939
car 296.179992676 182.86000061 370.649993896 208.350006104
pedestrian 771.75 159.830001831 794.75 233.570007324
