car 0.0 186.850006104 366.970001221 374.0
car 1163.29003906 196.940002441 1241.0 374.0
car 754.679992676 194.61000061 1143.81005859 374.0
car 239.240005493 193.419998169 474.010009766 374.0
car 388.040008545 191.529998779 517.229980469 287.359985352
car 696.890014648 184.229995728 839.719970703 287.100006104
car 663.299987793 184.86000061 751.530029297 253.740005493
car 511.309997559 184.699996948 563.409973145 227.929992676
car 541.33001709 174.979995728 585.340026855 218.529998779
car 562.719970703 176.970001221 601.630004883 212.100006104
