car 0.0 225.229995728 222.350006104 374.0
car 903.25 152.300003052 1241.0 320.529998779
car 192.5 187.330001831 438.720001221 336.339996338
car 405.700012207 188.660003662 513.630004883 264.910003662
car 462.260009766 182.509994507 542.859985352 239.240005493
car 681.260009766 174.699996948 749.66998291 237.300003052
car 851.869995117 160.649993896 1141.34997559 251.979995728
car 504.600006104 175.679992676 553.049987793 218.240005493
car 508.920013428 176.630004883 565.5 208.720001221
car 341.839996338 175.699996948 404.179992676 196.910003662
car 698.5 176.11000061 772.849975586 223.869995117
car 739.289978027 169.960006714 816.469970703 213.520004272
