car 166.86000061 181.050003052 476.480010986 374.0
car 794.849975586 188.669998169 1241.0 374.0
car 692.659973145 188.36000061 861.729980469 315.269989014
car 386.579986572 181.380004883 506.390014648 284.899993896
car 440.209991455 184.160003662 529.650024414 250.38999939
car 666.690002441 180.259994507 760.66998291 251.559997559
car 643.570007324 178.940002441 710.659973145 231.449996948
car 515.91998291 178.330001831 560.039978027 214.75
car 538.309997559 169.649993896 576.489990234 207.649993896
car 556.270019531 172.529998779 591.030029297 203.880004883
