car 1061.93994141 96.6800003052 1241.0 374.0
car 280.519989014 184.020004272 428.529998779 280.950012207
car 143.539993286 179.75 493.649993896 374.0
car 861.450012207 139.199996948 1039.65002441 203.779998779
car 1018.27001953 144.440002441 1106.31994629 187.690002441
car 1061.22998047 147.009994507 1161.55004883 186.279998779
car 439.119995117 184.570007324 505.220001221 228.0
car 381.679992676 184.809997559 480.179992676 248.399993896
car 673.900024414 172.279998779 726.289978027 208.820007324
car 473.299987793 180.940002441 522.380004883 217.839996338
car 609.729980469 179.259994507 645.590026855 206.929992676
car 668.0 173.809997559 756.369995117 204.960006714
car 585.16998291 172.419998169 625.690002441 188.050003052
