car 596.609985352 177.490005493 659.099975586 228.179992676
car 42.5800018311 181.410003662 325.359985352 370.440002441
car 364.859985352 178.830001831 520.289978027 245.100006104
car 439.619995117 174.020004272 531.539978027 219.210006714
car 459.910003662 173.309997559 550.299987793 212.600006104
car 490.989990234 171.669998169 565.409973145 200.910003662
car 894.760009766 171.850006104 1241.0 374.0
car 779.179992676 186.0 945.559997559 282.119995117
car 733.390014648 183.759994507 834.530029297 246.179992676
car 708.840026855 167.529998779 789.719970703 226.050003052
car 127.300003052 177.86000061 320.299987793 255.720001221
car 271.220001221 175.240005493 385.410003662 230.520004272
car 607.020019531 170.759994507 643.159973145 203.720001221
car 0.0 182.119995117 182.5 295.579986572
car 336.739990234 172.009994507 411.079986572 217.619995117
car 52.7799987793 173.669998169 187.850006104 232.419998169
pedestrian 844.539978027 180.740005493 910.210021973 332.739990234
pedestrian 684.630004883 171.300003052 699.960021973 204.539993286
