car 397.989990234 178.039993286 529.119995117 280.850006104
car 819.989990234 207.779998779 1241.0 374.0
car 712.130004883 181.820007324 862.559997559 300.350006104
car 666.099975586 179.339996338 760.58001709 253.550003052
car 466.5 189.490005493 543.729980469 257.260009766
car 491.640014648 183.520004272 554.08001709 231.449996948
car 653.289978027 177.190002441 719.739990234 228.669998169
car 638.309997559 176.770004272 689.58001709 217.440002441
car 534.400024414 176.800003052 570.539978027 207.320007324
car 551.760009766 170.199996948 584.020019531 202.830001831
car 565.16998291 172.279998779 595.409973145 199.740005493
