car 584.179992676 176.5 643.190002441 224.470001221
car 201.149993896 185.940002441 404.410003662 277.269989014
car 294.179992676 185.720001221 451.269989014 254.070007324
car 379.690002441 176.839996338 476.359985352 224.669998169
car 491.769989014 183.720001221 563.479980469 229.75
car 450.739990234 177.509994507 522.780029297 208.220001221
car 682.890014648 175.830001831 782.440002441 244.050003052
car 667.539978027 179.13999939 739.010009766 226.339996338
car 660.950012207 170.509994507 710.960021973 213.050003052
car 634.799987793 176.619995117 663.840026855 199.149993896
car 0.0 192.779998779 197.649993896 282.540008545
car 590.900024414 173.550003052 629.780029297 209.029998779
car 0.0 185.770004272 135.460006714 239.86000061
