car 594.940002441 177.419998169 637.58001709 217.759994507
car 7.69000005722 184.660003662 223.199996948 269.700012207
car 792.719970703 169.919998169 986.609985352 280.670013428
car 753.25 172.759994507 924.739990234 253.880004883
car 701.770019531 178.38999939 839.070007324 240.169998169
car 684.650024414 171.38999939 801.549987793 228.539993286
car 680.590026855 175.160003662 788.08001709 220.410003662
car 669.200012207 173.100006104 764.820007324 215.990005493
car 530.200012207 180.240005493 550.760009766 195.63999939
car 643.0 175.25 695.130004883 194.779998779
car 494.170013428 177.330001831 517.75 194.160003662
