car 596.16998291 177.839996338 619.719970703 200.240005493
car 775.359985352 198.100006104 1113.55004883 374.0
car 717.460021973 183.119995117 881.849975586 294.920013428
car 552.630004883 180.369995117 578.450012207 201.800003052
car 677.809997559 180.949996948 745.559997559 234.490005493
car 658.109985352 175.330001831 717.179992676 223.839996338
car 641.039978027 175.600006104 676.989990234 204.270004272
car 437.220001221 184.13999939 487.709991455 203.259994507
car 366.839996338 185.550003052 423.609985352 205.5
pedestrian 719.229980469 165.649993896 734.229980469 211.449996948
