car 574.960021973 178.550003052 626.700012207 219.020004272
car 179.919998169 186.309997559 359.880004883 273.559997559
car 407.040008545 190.059997559 533.280029297 278.299987793
car 469.510009766 181.210006714 555.549987793 246.330001831
car 353.690002441 172.910003662 477.779998779 224.820007324
car 851.75 209.089996338 1241.0 374.0
car 647.450012207 177.240005493 699.320007324 217.86000061
car 633.799987793 178.869995117 671.179992676 207.789993286
car 245.789993286 177.850006104 320.739990234 210.779998779
car 570.08001709 177.13999939 603.940002441 208.050003052
car 0.0 174.75 125.599998474 234.570007324
pedestrian 931.710021973 162.320007324 1008.38000488 316.640014648
