pedestrian 964.840026855 146.960006714 990.840026855 211.320007324
pedestrian 228.119995117 136.690002441 340.450012207 369.0
pedestrian 88.8199996948 128.220001221 199.160003662 369.0
pedestrian 185.429992676 110.819999695 302.100006104 369.0
pedestrian 755.429992676 155.61000061 781.099975586 244.229995728
pedestrian 1051.95996094 141.009994507 1095.30004883 251.119995117
pedestrian 1075.31994629 129.289993286 1120.65002441 260.029998779
pedestrian 1065.32995605 149.429992676 1097.32995605 253.830001831
cyclist 998.679992676 137.169998169 1103.69995117 237.149993896
cyclist 930.58001709 148.720001221 1020.65002441 226.600006104
