car 991.950012207 146.11000061 1206.26000977 246.080001831
car 1092.04003906 168.63999939 1241.0 235.899993896
car 0.0 190.119995117 290.429992676 328.869995117
car 46.8400001526 182.839996338 326.260009766 288.320007324
car 125.63999939 167.169998169 408.679992676 267.260009766
car 310.540008545 168.970001221 475.429992676 235.050003052
car 335.119995117 181.350006104 487.869995117 230.729995728
car 222.190002441 175.720001221 427.239990234 245.240005493
car 953.950012207 160.369995117 1075.66003418 214.320007324
car 668.450012207 171.800003052 762.020019531 205.190002441
