car 608.130004883 176.130004883 676.520019531 240.559997559
car 1122.77001953 173.779998779 1241.0 374.0
car 783.41998291 174.330001831 991.440002441 280.450012207
car 0.0 176.660003662 79.9000015259 292.899993896
car 203.580001831 187.13999939 398.899993896 273.0
car 532.140014648 171.199996948 577.58001709 204.679992676
car 211.0 183.589996338 346.25 243.419998169
car 414.609985352 182.179992676 487.859985352 215.050003052
car 658.270019531 171.779998779 702.960021973 197.220001221
car 697.070007324 171.369995117 720.409973145 188.259994507
car 27.5 187.330001831 203.990005493 247.330001831
