car 601.559997559 177.36000061 669.489990234 241.419998169
car 977.270019531 172.809997559 1241.0 374.0
car 758.440002441 176.100006104 944.450012207 267.540008545
car 0.0 176.75 132.440002441 292.739990234
car 307.790008545 185.350006104 443.359985352 250.229995728
car 543.140014648 172.539993286 584.229980469 202.919998169
car 237.179992676 183.070007324 359.799987793 238.5
car 420.200012207 182.300003052 489.809997559 213.710006714
car 643.66998291 172.88999939 686.239990234 198.179992676
car 685.869995117 172.720001221 709.75 189.75
car 68.3000030518 186.36000061 226.119995117 241.61000061
