car 595.640014648 178.559997559 620.659973145 202.36000061
car 0.0 204.710006714 410.299987793 374.0
car 990.950012207 180.300003052 1241.0 374.0
car 815.700012207 168.88999939 1193.47998047 374.0
car 688.340026855 180.419998169 802.869995117 262.029998779
car 651.0 178.990005493 696.010009766 216.86000061
car 672.299987793 177.429992676 747.789978027 239.199996948
car 314.929992676 191.300003052 405.980010986 224.380004883
car 193.699996948 193.070007324 296.450012207 227.600006104
car 638.289978027 178.699996948 666.179992676 201.809997559
pedestrian 955.840026855 144.25 1007.42999268 314.279998779
