car 587.200012207 182.580001831 658.229980469 240.75
car 0.0 170.179992676 112.879997253 262.920013428
car 288.0 172.050003052 458.220001221 262.809997559
car 335.230010986 179.589996338 486.329986572 244.080001831
car 378.779998779 179.770004272 517.760009766 233.589996338
car 456.670013428 178.919998169 543.179992676 220.369995117
car 504.660003662 177.050003052 569.0 202.570007324
car 694.909973145 182.75 767.380004883 230.270004272
car 677.91998291 172.130004883 733.650024414 215.070007324
car 589.400024414 178.679992676 629.91998291 215.660003662
car 249.770004272 173.520004272 333.369995117 208.059997559
pedestrian 193.470001221 144.460006714 275.140014648 374.0
pedestrian 674.809997559 175.190002441 687.309997559 212.050003052
