car 602.429992676 177.649993896 629.58001709 203.479995728
car 707.049987793 178.690002441 828.559997559 265.519989014
car 871.479980469 179.0 1241.0 374.0
car 80.0500030518 198.63999939 261.290008545 260.660003662
car 0.0 200.559997559 67.9499969482 263.559997559
car 692.590026855 177.919998169 772.359985352 242.11000061
car 660.489990234 177.779998779 704.039978027 212.970001221
car 644.450012207 173.919998169 668.260009766 197.210006714
car 462.5 182.289993286 502.380004883 211.229995728
car 483.290008545 181.039993286 517.900024414 204.979995728
pedestrian 710.760009766 171.520004272 721.429992676 208.309997559
