car 589.690002441 174.36000061 649.900024414 223.339996338
car 10.1199998856 187.039993286 300.549987793 337.440002441
car 180.199996948 188.179992676 389.570007324 288.279998779
car 333.109985352 175.350006104 449.440002441 235.289993286
car 460.040008545 184.580001831 556.109985352 244.460006714
car 427.029998779 175.36000061 508.109985352 210.919998169
car 710.679992676 173.869995117 859.08001709 270.880004883
car 685.070007324 177.690002441 782.489990234 238.910003662
car 671.900024414 166.240005493 734.530029297 217.619995117
car 641.690002441 174.509994507 674.450012207 199.649993896
car 593.5 171.050003052 631.969970703 206.13999939
car 236.63999939 175.039993286 311.269989014 207.800003052
pedestrian 802.570007324 176.550003052 842.900024414 289.369995117
