car 580.929992676 174.419998169 716.739990234 302.670013428
car 890.789978027 166.289993286 1195.09997559 374.0
car 701.849975586 170.520004272 812.020019531 219.36000061
car 678.539978027 173.419998169 744.91998291 205.839996338
car 661.619995117 174.300003052 723.760009766 199.259994507
car 0.0 185.009994507 118.010002136 287.309997559
car 142.330001831 191.809997559 285.359985352 251.600006104
car 374.519989014 180.919998169 439.929992676 212.830001831
car 416.859985352 174.119995117 461.950012207 207.270004272
car 465.510009766 175.869995117 505.829986572 198.580001831
car 516.520019531 176.369995117 553.840026855 192.88999939
car 268.510009766 178.320007324 337.940002441 211.080001831
