car 0.0 202.089996338 345.420013428 374.0
car 316.579986572 191.419998169 490.440002441 318.670013428
car 0.0 224.990005493 107.790000916 374.0
car 745.16998291 158.910003662 1147.77001953 310.040008545
car 696.33001709 173.589996338 938.090026855 255.929992676
car 223.309997559 197.869995117 381.480010986 295.529998779
car 642.840026855 167.630004883 780.33001709 224.570007324
car 630.090026855 176.669998169 663.809997559 206.440002441
pedestrian 569.369995117 173.020004272 577.039978027 191.929992676
pedestrian 573.349975586 172.979995728 580.679992676 191.330001831
