car 14.9399995804 196.050003052 413.799987793 374.0
car 775.650024414 182.88999939 921.719970703 280.649993896
car 742.950012207 177.38999939 836.960021973 241.199996948
car 448.0 184.369995117 543.140014648 249.38999939
car 504.619995117 181.350006104 564.979980469 228.520004272
car 715.5 180.149993896 782.840026855 228.220001221
car 535.460021973 178.039993286 584.599975586 220.020004272
car 578.41998291 178.339996338 626.619995117 210.13999939
car 664.789978027 175.770004272 714.070007324 199.429992676
pedestrian 828.489990234 157.520004272 855.059997559 233.880004883
