car 598.479980469 178.270004272 622.190002441 200.830001831
car 946.489990234 210.399993896 1241.0 374.0
car 769.429992676 184.220001221 1092.66003418 374.0
car 544.969970703 180.320007324 575.969970703 205.869995117
car 695.210021973 180.800003052 785.190002441 248.729995728
car 669.469970703 175.289993286 743.210021973 234.11000061
car 663.229980469 174.11000061 715.33001709 223.830001831
car 647.0 178.779998779 687.940002441 211.100006104
car 425.809997559 183.080001831 480.459991455 203.63999939
car 350.329986572 184.240005493 411.809997559 205.699996948
pedestrian 735.789978027 164.75 753.789978027 217.149993896
