car 551.979980469 182.119995117 599.020019531 220.570007324
car 0.0 218.550003052 403.940002441 374.0
car 279.589996338 190.61000061 503.070007324 345.609985352
car 199.429992676 179.490005493 390.609985352 268.019989014
car 349.440002441 182.970001221 466.869995117 225.970001221
car 394.899993896 178.369995117 485.070007324 219.759994507
car 434.440002441 180.710006714 514.450012207 210.910003662
car 464.239990234 180.759994507 524.270019531 207.600006104
car 657.619995117 180.350006104 738.099975586 242.5
car 634.150024414 179.75 685.700012207 218.630004883
car 90.9400024414 184.330001831 217.070007324 231.149993896
car 559.030029297 178.330001831 593.570007324 208.729995728
