car 799.510009766 142.899993896 1170.5300293 272.380004883
car 1169.52001953 141.720001221 1241.0 187.229995728
car 1122.94995117 145.979995728 1241.0 188.190002441
car 374.179992676 182.440002441 462.269989014 245.949996948
car 470.309997559 178.940002441 551.559997559 240.080001831
car 791.450012207 147.169998169 923.409973145 196.690002441
car 934.08001709 149.270004272 1001.58001709 184.600006104
car 973.239990234 152.929992676 1046.01000977 185.0
car 420.690002441 183.729995728 491.190002441 230.880004883
car 647.299987793 172.25 690.039978027 202.369995117
car 594.179992676 177.990005493 624.239990234 201.960006714
car 543.91998291 173.089996338 573.590026855 188.419998169
