car 827.510009766 137.130004883 1241.0 286.619995117
car 1203.88000488 139.63999939 1241.0 187.080001831
car 1152.38000488 143.880004883 1241.0 188.029998779
car 361.429992676 179.429992676 456.459991455 247.320007324
car 449.440002441 174.330001831 546.859985352 245.580001831
car 803.0 144.61000061 942.179992676 196.539993286
car 949.520019531 147.089996338 1019.92999268 183.809997559
car 988.559997559 148.710006714 1065.7800293 182.009994507
car 414.559997559 179.850006104 489.130004883 228.910003662
car 652.130004883 170.0 695.690002441 201.220001221
car 597.400024414 174.929992676 628.690002441 199.580001831
car 549.859985352 169.020004272 582.469970703 184.429992676
