car 599.58001709 182.38999939 691.679992676 269.980010986
car 726.469970703 175.559997559 860.039978027 238.960006714
car 690.450012207 180.13999939 768.599975586 218.940002441
car 669.900024414 181.509994507 739.66998291 210.550003052
car 0.0 204.63999939 180.259994507 354.630004883
car 0.0 202.800003052 183.720001221 289.630004883
car 479.170013428 183.970001221 524.229980469 214.440002441
car 550.510009766 180.800003052 581.090026855 202.479995728
car 589.289978027 179.410003662 610.75 196.179992676
car 332.739990234 188.759994507 412.450012207 227.720001221
car 388.559997559 181.63999939 442.579986572 219.75
car 448.470001221 183.100006104 493.920013428 208.729995728
car 507.369995117 183.449996948 548.960021973 201.789993286
car 206.509994507 187.259994507 290.630004883 226.910003662
car 189.940002441 185.869995117 279.399993896 215.229995728
