car 592.989990234 179.039993286 659.030029297 241.539993286
car 767.83001709 175.990005493 926.0 267.420013428
car 699.309997559 177.119995117 822.150024414 231.729995728
car 330.429992676 182.300003052 440.260009766 244.580001831
car 0.0 195.229995728 173.009994507 292.130004883
car 154.619995117 179.149993896 289.100006104 253.190002441
car 490.269989014 179.830001831 544.130004883 208.720001221
car 587.059997559 171.729995728 614.489990234 192.669998169
car 331.609985352 180.570007324 414.920013428 221.289993286
car 448.739990234 182.050003052 506.570007324 207.75
car 652.049987793 174.020004272 677.270019531 191.820007324
car 210.820007324 183.050003052 311.649993896 222.830001831
