car 1085.20996094 174.479995728 1241.0 374.0
car 693.539978027 182.080001831 997.289978027 361.760009766
car 0.0 197.699996948 275.079986572 339.989990234
car 607.400024414 171.220001221 728.299987793 260.589996338
car 572.049987793 177.5 662.590026855 239.729995728
car 287.25 192.179992676 370.559997559 251.449996948
car 326.109985352 188.279998779 387.350006104 232.240005493
car 554.109985352 181.020004272 611.83001709 223.820007324
pedestrian 785.119995117 159.88999939 816.789978027 242.300003052
cyclist 523.83001709 169.970001221 577.799987793 270.260009766
