car 0.0 187.869995117 239.490005493 289.140014648
car 102.330001831 181.380004883 310.049987793 260.890014648
car 167.929992676 185.160003662 355.320007324 248.86000061
car 232.740005493 174.770004272 396.809997559 237.619995117
car 293.220001221 182.300003052 420.609985352 231.009994507
car 324.329986572 181.509994507 433.869995117 220.619995117
car 356.570007324 180.279998779 443.920013428 220.850006104
car 384.140014648 183.960006714 473.820007324 215.179992676
car 404.720001221 174.160003662 482.049987793 208.800003052
car 422.609985352 178.36000061 499.049987793 209.050003052
car 438.859985352 178.119995117 509.540008545 205.619995117
