car 333.279998779 177.649993896 489.600006104 277.549987793
car 1137.35998535 137.539993286 1223.0 177.880004883
car 1028.25 151.61000061 1157.0300293 185.899993896
pedestrian 562.590026855 158.199996948 594.849975586 225.880004883
pedestrian 402.589996338 157.369995117 427.239990234 234.070007324
pedestrian 196.36000061 177.309997559 229.190002441 234.949996948
pedestrian 189.119995117 181.0 219.25 236.740005493
pedestrian 241.88999939 176.880004883 270.179992676 234.710006714
pedestrian 210.600006104 172.770004272 242.539993286 244.300003052
pedestrian 334.470001221 162.729995728 354.709991455 234.289993286
cyclist 1084.56005859 129.649993896 1195.81994629 213.779998779
cyclist 993.859985352 137.830001831 1070.27001953 203.410003662
cyclist 790.119995117 154.429992676 834.520019531 194.720001221
cyclist 858.789978027 151.309997559 887.58001709 197.130004883
cyclist 283.290008545 168.339996338 364.920013428 241.440002441
