car 172.039993286 196.990005493 368.690002441 305.279998779
car 315.760009766 194.220001221 431.739990234 261.089996338
car 388.790008545 190.960006714 463.730010986 241.619995117
car 431.929992676 188.509994507 493.070007324 227.550003052
car 812.469970703 153.800003052 946.530029297 204.350006104
car 808.369995117 152.589996338 897.840026855 200.210006714
car 778.809997559 158.490005493 875.140014648 201.259994507
car 1208.77001953 127.080001831 1241.0 174.009994507
car 1149.25 128.050003052 1241.0 175.38999939
car 1107.90002441 134.410003662 1241.0 174.339996338
car 1074.51000977 138.990005493 1215.82995605 176.619995117
car 475.019989014 186.830001831 522.049987793 217.729995728
car 666.770019531 175.460006714 714.91998291 212.61000061
