car 834.239990234 194.949996948 1241.0 374.0
car 0.0 185.130004883 300.149993896 305.170013428
car 192.600006104 180.330001831 398.549987793 256.630004883
car 255.729995728 181.539993286 454.809997559 249.039993286
car 289.989990234 178.649993896 458.880004883 238.11000061
car 747.950012207 177.800003052 927.979980469 304.799987793
car 680.539978027 183.220001221 743.900024414 228.009994507
car 370.109985352 181.690002441 493.410003662 233.009994507
car 486.029998779 176.270004272 553.640014648 199.119995117
car 504.070007324 171.830001831 565.270019531 197.309997559
