car 784.780029297 177.119995117 1124.16003418 374.0
car 0.0 193.199996948 137.38999939 374.0
car 0.0 179.470001221 272.670013428 340.489990234
car 0.0 159.410003662 290.350006104 307.829986572
car 111.86000061 185.740005493 342.809997559 272.269989014
car 247.710006714 186.649993896 435.609985352 257.369995117
car 302.970001221 181.410003662 468.470001221 247.11000061
car 335.679992676 179.850006104 462.739990234 241.600006104
car 338.329986572 174.429992676 490.760009766 230.080001831
car 394.529998779 177.75 500.299987793 219.369995117
car 436.130004883 170.100006104 526.599975586 212.160003662
car 677.679992676 184.0 746.780029297 238.589996338
car 731.109985352 171.910003662 853.440002441 221.789993286
car 684.66998291 172.210006714 757.340026855 204.759994507
car 633.130004883 179.029998779 659.070007324 198.789993286
cyclist 573.929992676 177.539993286 582.059997559 198.5
