car 862.650024414 129.38999939 1241.0 304.959991455
car 1184.9699707 141.539993286 1241.0 187.839996338
car 346.640014648 175.630004883 449.929992676 248.899993896
car 420.440002441 170.720001221 540.83001709 256.119995117
car 815.590026855 143.960006714 962.820007324 198.539993286
car 966.099975586 144.740005493 1039.76000977 182.960006714
car 1004.97998047 144.160003662 1087.13000488 178.960006714
car 407.730010986 178.440002441 487.070007324 230.279998779
car 657.190002441 166.330001831 702.650024414 198.710006714
car 599.299987793 171.759994507 631.960021973 197.119995117
car 557.789978027 165.740005493 591.609985352 181.270004272
