car 753.109985352 181.679992676 905.690002441 276.029998779
car 604.66998291 172.919998169 676.570007324 198.0
car 796.340026855 166.679992676 866.859985352 192.880004883
car 962.320007324 163.86000061 1054.58996582 189.160003662
car 381.049987793 178.820007324 444.589996338 204.88999939
car 247.070007324 181.11000061 303.970001221 205.520004272
car 589.849975586 175.38999939 611.83001709 190.440002441
car 553.710021973 175.309997559 579.270019531 190.669998169
pedestrian 487.489990234 170.789993286 502.489990234 214.820007324
cyclist 845.200012207 171.339996338 912.650024414 223.940002441
