car 898.570007324 204.169998169 1241.0 374.0
car 0.0 194.940002441 173.759994507 374.0
car 0.0 190.11000061 272.279998779 321.859985352
car 57.5200004578 179.130004883 336.820007324 290.230010986
car 695.929992676 181.940002441 842.890014648 274.720001221
car 265.839996338 185.520004272 463.959991455 251.86000061
car 670.190002441 180.050003052 740.590026855 224.940002441
car 303.149993896 179.88999939 452.369995117 239.779998779
car 342.730010986 170.100006104 462.329986572 228.380004883
car 646.570007324 170.979995728 682.429992676 201.899993896
