car 27.8199996948 201.429992676 299.809997559 344.529998779
car 380.940002441 190.960006714 499.059997559 277.0
car 226.869995117 195.630004883 385.019989014 287.640014648
car 1109.85998535 152.350006104 1241.0 254.199996948
car 497.799987793 182.979995728 547.030029297 225.380004883
car 548.969970703 182.690002441 568.890014648 200.979995728
car 632.820007324 178.589996338 724.489990234 214.710006714
car 612.809997559 177.289993286 676.270019531 203.800003052
cyclist 782.25 178.850006104 898.460021973 277.329986572
cyclist 814.989990234 177.330001831 943.25 293.339996338
