car 748.25 180.419998169 1034.25 353.769989014
car 147.940002441 195.970001221 352.079986572 311.040008545
car 646.710021973 163.550003052 777.489990234 258.959991455
car 264.170013428 184.679992676 398.119995117 263.549987793
car 581.33001709 175.13999939 640.650024414 218.710006714
car 403.869995117 183.789993286 452.109985352 217.830001831
car 557.840026855 175.63999939 594.880004883 206.199996948
pedestrian 406.880004883 170.820007324 419.540008545 203.429992676
pedestrian 395.489990234 175.169998169 407.630004883 207.88999939
cyclist 248.320007324 169.270004272 354.799987793 331.510009766
cyclist 354.040008545 174.759994507 430.079986572 295.890014648
