car 241.369995117 153.020004272 309.429992676 205.410003662
car 294.109985352 164.630004883 361.670013428 202.75
car 356.010009766 164.199996948 433.75 196.710006714
car 569.479980469 163.399993896 622.760009766 189.380004883
car 612.460021973 161.429992676 668.460021973 188.559997559
car 643.320007324 166.770004272 704.309997559 187.850006104
car 680.83001709 167.38999939 725.210021973 188.520004272
car 702.619995117 167.270004272 753.200012207 187.199996948
car 724.710021973 165.399993896 782.979980469 185.940002441
car 792.270019531 163.660003662 845.049987793 182.619995117
car 814.489990234 163.630004883 860.210021973 180.88999939
pedestrian 270.299987793 161.039993286 290.489990234 207.770004272
