car 589.390014648 176.300003052 613.969970703 199.679992676
car 405.670013428 186.330001831 516.159973145 266.0
car 955.630004883 192.0 1241.0 374.0
car 761.299987793 175.990005493 1116.88000488 374.0
car 718.780029297 171.949996948 863.659973145 299.070007324
car 664.820007324 178.800003052 742.049987793 237.100006104
car 639.380004883 178.029998779 675.929992676 209.910003662
car 654.650024414 176.839996338 711.320007324 224.759994507
car 347.450012207 185.839996338 425.720001221 214.380004883
car 243.479995728 186.399993896 331.559997559 216.190002441
car 627.58001709 177.720001221 652.340026855 198.470001221
pedestrian 828.66998291 154.740005493 867.0 261.179992676
