car 0.0 183.990005493 421.320007324 374.0
car 948.869995117 191.740005493 1241.0 374.0
car 730.109985352 191.649993896 1000.19000244 374.0
car 307.670013428 188.309997559 487.75 335.880004883
car 410.779998779 188.919998169 522.890014648 272.410003662
car 685.039978027 181.86000061 806.700012207 271.170013428
car 656.440002441 183.229995728 735.820007324 245.570007324
car 513.849975586 182.740005493 563.16998291 223.350006104
car 539.659973145 172.600006104 581.58001709 214.11000061
car 561.469970703 175.940002441 598.840026855 209.669998169
