car 1112.43005371 127.410003662 1241.0 374.0
car 805.190002441 175.710006714 1241.0 374.0
car 660.380004883 181.779998779 785.640014648 262.880004883
car 315.100006104 192.020004272 414.649993896 257.480010986
car 609.109985352 170.020004272 691.229980469 231.699996948
car 560.140014648 180.729995728 607.609985352 214.729995728
car 414.299987793 184.11000061 450.760009766 211.850006104
car 537.0 179.699996948 570.039978027 205.309997559
pedestrian 406.540008545 173.86000061 417.899993896 201.259994507
pedestrian 400.890014648 178.169998169 408.609985352 205.63999939
cyclist 413.010009766 176.770004272 447.420013428 249.440002441
cyclist 447.839996338 175.460006714 479.230010986 238.410003662
