car 0.0 193.020004272 354.350006104 369.0
car 1199.34997559 151.649993896 1223.0 195.910003662
car 452.519989014 168.470001221 485.070007324 192.210006714
pedestrian 743.450012207 148.199996948 810.109985352 271.450012207
pedestrian 418.769989014 156.320007324 504.899993896 285.149993896
pedestrian 429.579986572 147.529998779 495.579986572 294.570007324
pedestrian 100.510002136 175.679992676 123.010002136 269.380004883
pedestrian 80.4899978638 181.86000061 116.160003662 272.959991455
pedestrian 0.0 166.380004883 38.4199981689 283.859985352
cyclist 1171.5 136.490005493 1223.0 187.949996948
cyclist 967.229980469 147.270004272 1000.75 211.929992676
cyclist 425.200012207 162.050003052 540.25 273.359985352
