car 760.91998291 175.169998169 1106.31005859 374.0
car 0.0 204.100006104 95.8199996948 332.109985352
car 710.760009766 170.470001221 841.039978027 267.609985352
car 299.470001221 192.190002441 445.760009766 284.470001221
car 397.5 176.830001831 489.929992676 248.550003052
car 670.599975586 174.130004883 742.16998291 229.830001831
car 455.679992676 180.679992676 520.429992676 233.869995117
car 661.58001709 177.820007324 724.099975586 218.699996948
car 626.700012207 179.690002441 651.200012207 198.669998169
car 529.25 183.740005493 555.109985352 200.729995728
