car 548.630004883 178.75 597.320007324 216.259994507
pedestrian 745.440002441 168.11000061 800.450012207 312.450012207
pedestrian 378.429992676 169.5 421.149993896 289.559997559
pedestrian 299.570007324 172.070007324 336.609985352 287.440002441
pedestrian 926.299987793 163.36000061 971.200012207 287.130004883
pedestrian 868.320007324 162.089996338 921.349975586 283.630004883
pedestrian 651.340026855 167.770004272 678.869995117 242.38999939
pedestrian 749.260009766 175.869995117 807.140014648 302.089996338
pedestrian 715.25 177.020004272 751.799987793 286.239990234
pedestrian 694.0 176.559997559 730.25 274.140014648
pedestrian 764.020019531 166.479995728 817.679992676 262.279998779
pedestrian 792.340026855 165.240005493 821.679992676 243.809997559
