car 558.659973145 166.600006104 584.599975586 192.660003662
car 457.399993896 159.470001221 528.479980469 220.940002441
pedestrian 783.349975586 160.830001831 847.33001709 363.619995117
pedestrian 873.739990234 148.509994507 972.010009766 363.010009766
pedestrian 207.75 163.509994507 279.619995117 351.470001221
pedestrian 552.070007324 162.699996948 590.960021973 261.25
pedestrian 725.979980469 160.190002441 755.809997559 238.669998169
pedestrian 1002.39001465 152.630004883 1061.9699707 273.619995117
pedestrian 1149.40002441 139.13999939 1214.56005859 266.369995117
pedestrian 959.799987793 150.990005493 997.66998291 249.559997559
pedestrian 513.679992676 172.690002441 534.530029297 228.330001831
pedestrian 494.350006104 169.929992676 515.369995117 226.380004883
