car 230.679992676 177.460006714 487.510009766 349.049987793
car 763.83001709 158.529998779 1241.0 374.0
car 393.959991455 184.550003052 542.190002441 278.980010986
car 662.440002441 180.11000061 719.570007324 223.61000061
car 713.489990234 179.11000061 879.890014648 290.640014648
car 553.739990234 176.470001221 586.849975586 206.690002441
car 648.609985352 177.759994507 686.280029297 208.789993286
pedestrian 409.760009766 166.779998779 430.540008545 251.5
pedestrian 426.309997559 169.410003662 437.950012207 239.100006104
pedestrian 429.100006104 170.429992676 444.470001221 241.5
