car 920.599975586 210.350006104 1241.0 374.0
car 0.0 234.919998169 248.080001831 374.0
car 129.160003662 202.220001221 390.230010986 369.869995117
car 323.369995117 195.320007324 472.209991455 289.269989014
car 759.880004883 184.240005493 1074.29003906 363.670013428
car 717.690002441 179.179992676 842.809997559 268.579986572
car 963.960021973 148.160003662 1139.33996582 222.679992676
car 641.090026855 178.199996948 688.130004883 211.160003662
car 589.109985352 181.990005493 626.5 203.039993286
car 551.729980469 179.130004883 593.5 197.199996948
cyclist 493.010009766 178.509994507 508.239990234 201.36000061
