car 596.739990234 180.160003662 620.299987793 202.580001831
car 801.599975586 200.589996338 1241.0 374.0
car 726.869995117 184.130004883 914.979980469 309.799987793
car 551.090026855 182.5 578.030029297 204.990005493
car 681.859985352 183.320007324 754.159973145 240.309997559
car 660.710021973 177.779998779 722.960021973 228.570007324
car 642.409973145 176.320007324 679.489990234 205.830001831
car 434.519989014 183.88999939 485.989990234 203.350006104
car 362.940002441 185.240005493 420.820007324 205.550003052
pedestrian 722.950012207 167.929992676 739.559997559 215.240005493
