car 1095.72998047 185.070007324 1223.0 236.449996948
car 1032.08996582 183.820007324 1157.4699707 232.589996338
car 952.66998291 181.880004883 1068.65002441 234.440002441
car 602.539978027 172.460006714 636.729980469 202.779998779
pedestrian 975.020019531 151.119995117 1056.34997559 326.190002441
pedestrian 998.33001709 165.029998779 1082.32995605 317.089996338
pedestrian 615.059997559 156.570007324 671.390014648 282.459991455
pedestrian 265.339996338 155.899993896 301.579986572 225.86000061
pedestrian 319.850006104 156.410003662 339.519989014 225.130004883
pedestrian 322.269989014 158.820007324 363.510009766 230.5
pedestrian 326.440002441 157.169998169 361.440002441 247.479995728
pedestrian 380.670013428 162.309997559 423.329986572 242.960006714
pedestrian 217.910003662 154.910003662 249.240005493 236.869995117
pedestrian 261.730010986 156.229995728 291.059997559 236.270004272
pedestrian 296.190002441 163.289993286 323.190002441 235.070007324
pedestrian 289.519989014 159.11000061 315.519989014 231.679992676
