car 1213.06994629 151.679992676 1241.0 374.0
car 0.0 228.050003052 117.760002136 374.0
car 696.41998291 182.690002441 843.909973145 280.75
car 389.940002441 193.330001831 482.410003662 254.779998779
car 653.640014648 182.520004272 716.849975586 232.919998169
car 450.429992676 182.089996338 515.200012207 229.970001221
car 496.529998779 183.279998779 532.5 212.850006104
car 631.359985352 179.190002441 668.400024414 210.800003052
cyclist 567.690002441 180.149993896 575.369995117 198.729995728
cyclist 575.090026855 179.710006714 582.460021973 197.300003052
