car 598.289978027 176.75 626.309997559 203.399993896
car 737.469970703 180.839996338 934.659973145 312.440002441
car 0.0 203.619995117 164.199996948 283.790008545
car 708.659973145 178.009994507 819.280029297 262.429992676
car 663.440002441 177.210006714 715.75 218.020004272
car 643.369995117 172.789993286 669.429992676 198.059997559
car 405.410003662 188.440002441 462.279998779 223.850006104
car 436.369995117 184.229995728 483.230010986 217.100006104
car 466.630004883 181.270004272 505.660003662 207.75
pedestrian 721.630004883 169.130004883 737.299987793 212.210006714
