car 696.020019531 188.460006714 800.119995117 261.420013428
car 0.0 201.490005493 305.440002441 375.0
car 370.040008545 182.11000061 490.390014648 266.25
car 644.510009766 180.289993286 687.190002441 212.25
car 154.25 186.36000061 314.700012207 264.519989014
car 451.190002441 183.770004272 523.299987793 234.350006104
car 339.0 187.259994507 415.899993896 231.059997559
car 405.209991455 184.419998169 456.040008545 216.259994507
car 521.369995117 182.529998779 551.700012207 204.869995117
car 588.450012207 180.020004272 613.41998291 203.449996948
car 620.969970703 181.160003662 636.450012207 196.720001221
