pedestrian 315.869995117 175.410003662 331.540008545 224.88999939
pedestrian 334.730010986 179.460006714 351.399993896 222.240005493
pedestrian 466.950012207 177.080001831 482.950012207 222.789993286
pedestrian 456.739990234 181.38999939 475.079986572 219.979995728
pedestrian 699.549987793 179.619995117 712.880004883 219.240005493
pedestrian 720.070007324 187.86000061 743.070007324 227.979995728
cyclist 881.58001709 181.869995117 932.510009766 271.980010986
cyclist 261.660003662 172.809997559 509.989990234 369.0
cyclist 704.950012207 184.38999939 747.299987793 262.299987793
cyclist 667.479980469 182.63999939 702.070007324 221.199996948
