pedestrian 637.460021973 144.710006714 657.289978027 201.979995728
pedestrian 241.330001831 139.550003052 291.470001221 258.640014648
pedestrian 516.739990234 139.020004272 545.099975586 206.949996948
pedestrian 974.640014648 156.699996948 1223.0 369.0
pedestrian 1014.4699707 82.6299972534 1223.0 369.0
pedestrian 1118.85998535 190.960006714 1223.0 369.0
pedestrian 1183.42004395 150.399993896 1223.0 369.0
pedestrian 762.020019531 167.559997559 959.58001709 369.0
pedestrian 618.309997559 146.160003662 701.520019531 354.220001221
pedestrian 753.390014648 161.210006714 824.900024414 348.25
pedestrian 817.929992676 138.270004272 896.640014648 338.619995117
pedestrian 911.409973145 139.970001221 993.659973145 329.239990234
