car 0.0 198.119995117 356.049987793 374.0
car 659.289978027 177.449996948 766.690002441 251.020004272
car 85.1699981689 185.690002441 416.220001221 374.0
car 510.429992676 173.320007324 556.989990234 214.440002441
car 634.820007324 172.770004272 691.270019531 215.399993896
car 535.66998291 178.559997559 567.070007324 203.679992676
car 622.159973145 170.419998169 651.219970703 200.630004883
pedestrian 116.319999695 155.710006714 176.800003052 343.380004883
pedestrian 217.679992676 166.169998169 252.759994507 301.700012207
pedestrian 244.919998169 171.309997559 275.350006104 309.619995117
