car 128.300003052 193.630004883 378.709991455 329.790008545
car 915.450012207 193.809997559 1241.0 374.0
car 325.769989014 186.960006714 457.329986572 264.190002441
car 782.200012207 182.729995728 979.380004883 304.489990234
car 400.880004883 184.880004883 498.380004883 239.160003662
car 724.049987793 177.240005493 844.270019531 255.979995728
car 510.959991455 178.88999939 551.25 208.880004883
car 706.210021973 176.479995728 783.270019531 233.61000061
car 697.349975586 175.199996948 753.530029297 219.690002441
car 685.219970703 176.429992676 733.91998291 212.580001831
