car 0.0 189.199996948 358.690002441 374.0
car 202.440002441 187.740005493 489.440002441 360.049987793
car 658.940002441 178.330001831 734.469970703 232.88999939
car 756.679992676 184.509994507 1183.5 374.0
car 350.209991455 186.589996338 496.649993896 281.859985352
car 532.150024414 178.61000061 570.190002441 213.399993896
car 640.969970703 178.240005493 686.489990234 214.169998169
car 629.659973145 175.320007324 656.150024414 202.350006104
pedestrian 310.309997559 169.039993286 346.649993896 285.510009766
pedestrian 356.709991455 171.270004272 375.910003662 262.179992676
pedestrian 358.579986572 173.800003052 381.519989014 267.130004883
