car 0.0 198.059997559 315.450012207 374.0
car 671.590026855 176.600006104 761.979980469 244.460006714
car 204.869995117 180.63999939 357.390014648 236.470001221
car 740.840026855 180.919998169 907.08001709 293.769989014
car 663.280029297 176.970001221 722.16998291 226.75
car 439.679992676 178.5 506.260009766 224.679992676
car 471.920013428 169.789993286 523.91998291 213.5
car 792.640014648 191.190002441 1168.05004883 374.0
car 501.640014648 173.589996338 542.479980469 209.169998169
car 534.349975586 176.460006714 556.33001709 190.61000061
