car 564.359985352 171.880004883 658.190002441 260.630004883
car 966.130004883 163.570007324 1241.0 374.0
car 811.090026855 175.88999939 1047.52001953 307.149993896
car 735.719970703 165.339996338 945.130004883 263.029998779
car 730.020019531 174.979995728 879.840026855 241.369995117
car 0.0 178.259994507 179.279998779 276.980010986
car 118.690002441 170.550003052 265.640014648 242.800003052
pedestrian 676.460021973 170.699996948 694.83001709 212.990005493
pedestrian 52.3499984741 165.720001221 67.5599975586 236.649993896
pedestrian 911.700012207 160.789993286 921.150024414 200.25
pedestrian 913.320007324 165.779998779 920.239990234 194.850006104
