car 558.010009766 178.559997559 614.190002441 229.779998779
car 0.0 186.029998779 128.929992676 327.480010986
car 31.6200008392 178.320007324 420.850006104 375.0
car 263.309997559 177.470001221 378.260009766 244.029998779
car 454.190002441 178.050003052 534.109985352 239.419998169
car 394.369995117 182.410003662 450.549987793 216.990005493
car 230.759994507 183.770004272 318.350006104 225.309997559
car 499.059997559 182.229995728 542.91998291 215.130004883
car 525.880004883 181.919998169 555.900024414 204.039993286
car 360.369995117 181.179992676 408.75 209.119995117
car 0.0 188.190002441 166.720001221 258.019989014
