car 114.239997864 188.619995117 315.519989014 261.440002441
car 245.220001221 181.770004272 386.029998779 240.020004272
car 288.170013428 178.839996338 413.510009766 229.309997559
car 344.899993896 176.380004883 456.859985352 220.470001221
car 377.369995117 180.5 467.809997559 215.949996948
car 411.559997559 179.210006714 477.950012207 210.809997559
car 428.829986572 182.270004272 499.200012207 207.100006104
car 442.329986572 174.699996948 503.940002441 202.699996948
car 455.859985352 175.660003662 517.729980469 200.779998779
car 467.390014648 176.5 526.309997559 199.300003052
