car 1094.90002441 184.369995117 1223.0 235.679992676
car 1032.33996582 183.880004883 1157.14001465 232.649993896
car 952.809997559 181.779998779 1068.7199707 234.320007324
car 602.520019531 172.559997559 636.640014648 202.880004883
pedestrian 194.720001221 152.270004272 212.050003052 199.580001831
pedestrian 270.820007324 156.169998169 291.149993896 214.440002441
pedestrian 247.649993896 154.259994507 266.309997559 200.580001831
pedestrian 402.869995117 156.960006714 445.869995117 258.839996338
pedestrian 453.630004883 158.309997559 482.299987793 255.630004883
pedestrian 468.75 156.580001831 522.41998291 263.649993896
pedestrian 666.289978027 151.550003052 712.619995117 299.070007324
pedestrian 686.280029297 157.759994507 721.940002441 286.470001221
pedestrian 480.019989014 159.979995728 526.349975586 297.890014648
pedestrian 519.820007324 156.279998779 579.820007324 286.910003662
pedestrian 562.679992676 163.119995117 612.679992676 277.140014648
pedestrian 403.130004883 156.820007324 449.130004883 269.769989014
cyclist 580.520019531 155.759994507 621.75 225.75
