car 955.320007324 144.919998169 1241.0 363.720001221
car 97.3600006104 189.130004883 416.380004883 374.0
car 383.910003662 188.059997559 507.570007324 273.480010986
car 451.859985352 182.449996948 541.320007324 244.309997559
car 690.880004883 172.770004272 766.049987793 241.369995117
car 886.140014648 158.669998169 1225.88000488 263.820007324
car 501.529998779 175.36000061 552.989990234 220.309997559
car 507.100006104 175.740005493 565.950012207 209.36000061
car 382.769989014 173.820007324 445.230010986 195.130004883
car 708.469970703 175.190002441 786.58001709 226.529998779
car 750.520019531 168.440002441 831.909973145 214.710006714
car 898.039978027 161.36000061 976.349975586 187.779998779
