car 537.08001709 160.990005493 594.729980469 205.589996338
pedestrian 831.609985352 152.429992676 922.280029297 369.529998779
pedestrian 153.550003052 151.539993286 253.550003052 373.0
pedestrian 0.0 155.740005493 116.13999939 373.0
pedestrian 1212.35998535 119.699996948 1237.0 373.0
pedestrian 604.789978027 149.729995728 647.460021973 237.36000061
pedestrian 806.159973145 160.449996948 849.83001709 330.010009766
pedestrian 732.729980469 159.130004883 787.059997559 301.149993896
pedestrian 713.859985352 158.660003662 754.190002441 279.809997559
pedestrian 785.809997559 150.289993286 856.799987793 266.119995117
pedestrian 759.229980469 162.869995117 789.900024414 281.799987793
pedestrian 789.239990234 146.699996948 841.91998291 239.940002441
