car 0.0 177.460006714 227.38999939 333.390014648
car 0.0 148.220001221 313.019989014 298.290008545
car 1014.30999756 186.88999939 1241.0 362.839996338
car 869.989990234 184.169998169 1238.02001953 317.380004883
car 792.479980469 186.25 1077.51000977 278.970001221
car 780.109985352 170.050003052 995.859985352 262.230010986
car 291.609985352 182.619995117 452.549987793 234.710006714
car 340.459991455 181.190002441 472.850006104 227.009994507
car 630.950012207 180.5 684.710021973 220.11000061
car 617.929992676 177.279998779 647.659973145 202.419998169
cyclist 465.869995117 177.539993286 497.269989014 242.020004272
