car 564.140014648 171.190002441 664.260009766 265.850006104
car 1186.2800293 163.970001221 1241.0 374.0
car 874.969970703 175.119995117 1163.02001953 352.679992676
car 763.799987793 163.11000061 1010.69000244 283.130004883
car 750.780029297 174.220001221 921.320007324 251.61000061
car 0.0 179.699996948 109.580001831 283.179992676
car 48.5299987793 170.570007324 229.289993286 253.850006104
pedestrian 698.0 168.899993896 717.450012207 214.130004883
pedestrian 937.289978027 161.089996338 946.070007324 203.199996948
pedestrian 930.619995117 165.11000061 936.940002441 195.589996338
