car 594.510009766 174.509994507 638.609985352 216.220001221
car 1067.58996582 187.009994507 1241.0 374.0
car 838.520019531 163.910003662 1111.2199707 356.670013428
car 763.859985352 173.529998779 985.219970703 284.589996338
car 728.039978027 166.949996948 903.140014648 255.350006104
car 721.619995117 175.300003052 850.400024414 238.460006714
car 696.960021973 174.279998779 821.960021973 224.089996338
car 525.349975586 177.559997559 546.429992676 192.199996948
car 461.339996338 181.949996948 503.859985352 210.949996948
car 667.66998291 172.259994507 754.590026855 206.740005493
car 650.909973145 173.550003052 720.640014648 200.229995728
car 462.380004883 175.940002441 493.5 196.899993896
car 440.290008545 176.190002441 460.630004883 192.149993896
