car 568.869995117 174.25 772.150024414 366.010009766
car 1163.36999512 178.039993286 1241.0 374.0
car 719.08001709 169.649993896 842.260009766 226.619995117
car 688.619995117 172.919998169 762.409973145 208.729995728
car 668.5 174.270004272 735.150024414 201.330001831
car 508.350006104 177.789993286 543.900024414 201.429992676
car 41.5299987793 193.830001831 230.529998779 267.980010986
car 581.349975586 173.220001221 605.75 189.199996948
car 351.929992676 181.279998779 426.190002441 216.649993896
car 402.420013428 173.809997559 452.220001221 209.800003052
car 457.029998779 175.660003662 500.619995117 199.919998169
car 514.890014648 176.559997559 554.219970703 193.830001831
car 234.970001221 178.699996948 312.220001221 215.009994507
car 221.580001831 179.580001831 303.600006104 206.470001221
