car 0.0 182.759994507 226.270004272 374.0
car 0.0 176.070007324 280.25 328.5
car 26.0300006866 174.910003662 369.799987793 294.109985352
car 139.779998779 174.740005493 356.190002441 265.480010986
car 224.899993896 183.449996948 422.679992676 258.0
car 247.919998169 179.839996338 441.070007324 245.160003662
car 332.600006104 170.940002441 468.359985352 226.160003662
car 351.980010986 164.059997559 488.600006104 226.289993286
car 754.729980469 192.169998169 976.409973145 340.579986572
car 825.33001709 173.309997559 1073.36999512 268.059997559
car 769.299987793 181.059997559 914.5 240.820007324
car 727.219970703 179.729995728 860.090026855 229.88999939
car 707.770019531 180.0 832.520019531 220.990005493
car 710.099975586 174.759994507 814.130004883 220.710006714
car 431.890014648 179.470001221 524.630004883 210.339996338
car 455.399993896 178.509994507 535.619995117 206.990005493
car 635.809997559 180.539993286 669.719970703 206.009994507
cyclist 551.309997559 178.470001221 563.619995117 208.460006714
