car 580.869995117 178.600006104 618.890014648 213.25
car 0.0 194.600006104 358.390014648 375.0
car 0.0 190.770004272 214.710006714 318.540008545
car 300.670013428 187.369995117 401.559997559 241.080001831
car 422.980010986 188.529998779 521.299987793 253.009994507
car 391.959991455 183.009994507 454.339996338 220.149993896
car 480.589996338 184.559997559 530.510009766 217.190002441
car 0.0 189.13999939 80.2900009155 276.399993896
car 58.2999992371 187.649993896 224.240005493 253.240005493
car 271.070007324 186.130004883 347.130004883 221.539993286
