car 154.960006714 148.61000061 234.070007324 206.199996948
car 219.660003662 163.880004883 294.220001221 205.399993896
car 287.179992676 162.830001831 371.709991455 197.929992676
car 518.929992676 162.800003052 574.840026855 189.970001221
car 564.890014648 160.179992676 623.359985352 188.449996948
car 597.200012207 167.039993286 659.940002441 188.809997559
car 636.75 166.149993896 682.33001709 187.979995728
car 656.989990234 167.020004272 708.619995117 187.460006714
car 680.880004883 164.929992676 740.109985352 186.009994507
car 747.700012207 162.449996948 800.340026855 181.699996948
car 771.619995117 163.960006714 817.179992676 181.429992676
pedestrian 169.940002441 160.699996948 207.789993286 212.479995728
