car 963.739990234 200.869995117 1241.0 374.0
car 154.660003662 183.399993896 329.660003662 251.86000061
car 564.179992676 171.160003662 659.679992676 208.960006714
car 798.289978027 168.690002441 900.840026855 199.130004883
car 563.859985352 174.509994507 632.010009766 203.429992676
car 245.800003052 179.479995728 341.149993896 213.75
car 568.08001709 176.169998169 593.539978027 193.419998169
car 526.049987793 176.88999939 556.109985352 194.710006714
pedestrian 402.779998779 167.940002441 425.679992676 235.429992676
cyclist 980.0 164.679992676 1115.94995117 258.089996338
