pedestrian 835.030029297 143.710006714 904.599975586 336.190002441
pedestrian 754.109985352 143.740005493 793.960021973 260.399993896
pedestrian 768.859985352 145.830001831 800.260009766 258.839996338
pedestrian 651.929992676 141.729995728 671.929992676 202.520004272
pedestrian 281.470001221 138.339996338 321.059997559 259.809997559
pedestrian 479.399993896 152.839996338 500.029998779 209.410003662
pedestrian 497.339996338 149.240005493 517.960021973 209.839996338
pedestrian 419.600006104 139.990005493 446.109985352 218.899993896
pedestrian 405.540008545 140.710006714 424.239990234 208.770004272
pedestrian 619.16998291 141.949996948 636.16998291 195.960006714
