car 827.16998291 163.179992676 1241.0 374.0
car 0.0 193.839996338 198.460006714 359.630004883
car 723.900024414 185.199996948 916.900024414 303.630004883
car 674.989990234 171.36000061 752.520019531 237.669998169
car 269.220001221 177.270004272 455.489990234 243.380004883
car 337.510009766 164.080001831 457.019989014 227.990005493
car 409.140014648 176.960006714 507.170013428 214.940002441
car 480.739990234 163.119995117 546.75 194.179992676
car 648.619995117 176.240005493 689.119995117 208.210006714
car 625.520019531 172.36000061 646.070007324 188.229995728
