car 1050.10998535 172.350006104 1241.0 374.0
car 0.0 204.479995728 178.190002441 374.0
car 307.839996338 187.979995728 430.619995117 261.730010986
car 388.209991455 186.839996338 470.390014648 237.529998779
car 433.880004883 184.899993896 491.609985352 225.75
car 464.440002441 183.679992676 513.960021973 216.429992676
car 787.739990234 153.910003662 899.179992676 196.460006714
car 760.299987793 154.869995117 842.770019531 191.869995117
car 1124.7800293 132.0 1241.0 173.440002441
car 1079.95996094 131.710006714 1216.82995605 173.020004272
car 1049.07995605 137.0 1181.55004883 171.88999939
car 1022.42999268 141.820007324 1144.04003906 174.979995728
car 497.200012207 180.369995117 537.58001709 206.86000061
car 665.530029297 170.960006714 706.41998291 202.960006714
