car 734.859985352 174.990005493 973.520019531 328.450012207
car 0.0 198.009994507 176.059997559 303.019989014
car 1118.80004883 196.100006104 1241.0 374.0
car 700.359985352 171.300003052 809.260009766 254.649993896
car 342.170013428 189.449996948 463.739990234 268.459991455
car 418.920013428 175.919998169 500.440002441 240.720001221
car 665.270019531 174.699996948 729.739990234 225.589996338
car 469.859985352 177.919998169 528.440002441 227.029998779
car 658.059997559 176.020004272 716.590026855 214.160003662
car 626.119995117 175.580001831 649.770019531 193.919998169
car 532.349975586 181.309997559 557.570007324 197.660003662
