car 558.390014648 166.240005493 592.729980469 192.88999939
pedestrian 1146.0300293 92.7699966431 1237.0 373.0
pedestrian 1078.92004395 85.8399963379 1237.0 373.0
pedestrian 476.029998779 158.470001221 522.700012207 291.369995117
pedestrian 434.720001221 164.880004883 486.190002441 296.0
pedestrian 614.5 157.279998779 644.239990234 236.380004883
pedestrian 617.270019531 157.699996948 647.630004883 214.259994507
pedestrian 669.5 158.509994507 689.08001709 235.270004272
pedestrian 726.799987793 152.660003662 746.549987793 217.729995728
pedestrian 420.839996338 163.86000061 448.820007324 241.990005493
pedestrian 697.859985352 159.460006714 720.010009766 225.600006104
