car 0.0 205.149993896 155.029998779 374.0
car 73.0500030518 189.429992676 412.510009766 370.839996338
car 1181.81005859 145.270004272 1241.0 255.660003662
car 1007.36999512 160.520004272 1165.93005371 250.910003662
car 925.460021973 162.550003052 1058.05004883 238.289993286
car 882.289978027 163.240005493 1010.39001465 225.199996948
car 846.030029297 163.190002441 967.659973145 219.63999939
car 815.719970703 169.809997559 935.150024414 215.520004272
car 702.299987793 173.820007324 819.510009766 263.5
car 684.770019531 180.470001221 758.210021973 233.149993896
car 426.799987793 178.029998779 523.559997559 244.210006714
car 739.780029297 164.36000061 826.719970703 202.300003052
