car 549.200012207 183.589996338 595.940002441 221.990005493
car 189.009994507 195.070007324 486.820007324 374.0
car 152.910003662 181.279998779 362.619995117 281.869995117
car 333.040008545 185.36000061 458.149993896 231.449996948
car 383.700012207 180.759994507 478.410003662 224.820007324
car 427.170013428 183.130004883 510.640014648 214.949996948
car 458.489990234 183.169998169 520.969970703 211.300003052
car 661.299987793 182.61000061 750.630004883 251.440002441
car 635.659973145 182.289993286 690.109985352 223.910003662
car 54.4099998474 185.699996948 194.039993286 236.169998169
car 558.510009766 179.899993896 593.099975586 210.399993896
