car 0.0 211.089996338 147.820007324 374.0
car 291.630004883 194.539993286 475.350006104 321.160003662
car 50.5699996948 198.669998169 316.019989014 336.760009766
car 486.209991455 185.61000061 545.869995117 236.440002441
car 531.719970703 184.179992676 565.66998291 214.600006104
car 645.359985352 182.190002441 750.150024414 223.419998169
car 639.659973145 182.050003052 732.66998291 214.75
car 620.900024414 180.759994507 690.440002441 209.779998779
cyclist 847.710021973 184.850006104 1037.73999023 337.859985352
cyclist 953.369995117 185.929992676 1192.7800293 374.0
