car 788.390014648 167.009994507 1126.7800293 374.0
car 708.789978027 157.070007324 863.479980469 284.0
car 679.599975586 157.820007324 780.969970703 245.86000061
car 671.5 170.380004883 734.940002441 226.580001831
car 531.190002441 166.630004883 559.770019531 195.339996338
car 437.170013428 176.679992676 499.760009766 221.059997559
car 0.0 212.279998779 86.0899963379 374.0
car 0.0 192.470001221 315.299987793 364.809997559
car 247.740005493 184.080001831 416.029998779 283.299987793
car 359.329986572 174.419998169 462.369995117 243.470001221
pedestrian 1082.84997559 124.779998779 1177.52001953 316.320007324
pedestrian 654.299987793 160.440002441 664.299987793 197.770004272
pedestrian 655.280029297 161.720001221 669.609985352 197.669998169
pedestrian 601.960021973 166.720001221 610.299987793 190.880004883
cyclist 225.820007324 164.259994507 344.290008545 351.079986572
