car 555.200012207 178.880004883 609.479980469 228.36000061
car 0.0 179.169998169 311.040008545 375.0
car 193.940002441 177.720001221 341.760009766 257.880004883
car 430.730010986 178.449996948 524.010009766 248.88999939
car 365.489990234 182.830001831 431.619995117 222.029998779
car 178.690002441 184.869995117 284.559997559 232.509994507
car 489.5 181.5 537.280029297 216.720001221
car 521.289978027 181.919998169 553.299987793 205.309997559
car 331.149993896 181.300003052 387.380004883 212.419998169
car 0.0 190.949996948 79.4000015259 268.040008545
