car 1094.75 184.240005493 1223.0 235.539993286
car 1032.39001465 183.899993896 1157.07995605 232.660003662
car 952.83001709 181.759994507 1068.72998047 234.300003052
car 602.510009766 172.580001831 636.619995117 202.899993896
pedestrian 191.559997559 151.619995117 208.059997559 199.130004883
pedestrian 247.699996948 154.0 269.809997559 217.580001831
pedestrian 239.779998779 153.669998169 256.329986572 202.259994507
pedestrian 437.929992676 156.839996338 473.470001221 266.130004883
pedestrian 462.489990234 156.179992676 532.960021973 260.279998779
pedestrian 517.489990234 154.0 564.510009766 269.880004883
pedestrian 767.390014648 149.559997559 830.119995117 314.489990234
pedestrian 774.520019531 153.679992676 844.190002441 301.149993896
pedestrian 563.979980469 160.240005493 621.880004883 315.820007324
pedestrian 596.780029297 155.279998779 652.960021973 302.279998779
pedestrian 650.909973145 161.539993286 696.789978027 290.679992676
pedestrian 462.570007324 155.820007324 502.290008545 279.929992676
cyclist 643.140014648 151.270004272 701.450012207 241.179992676
