car 1084.89001465 208.429992676 1241.0 374.0
car 0.0 213.210006714 353.209991455 374.0
car 712.760009766 183.490005493 868.0 294.660003662
car 346.660003662 184.300003052 473.880004883 270.450012207
car 468.299987793 183.88999939 521.380004883 225.410003662
car 510.350006104 184.960006714 544.820007324 209.589996338
car 635.229980469 178.330001831 655.700012207 195.160003662
car 656.219970703 175.320007324 712.700012207 221.36000061
cyclist 564.969970703 177.669998169 575.450012207 203.020004272
cyclist 577.229980469 177.029998779 587.070007324 200.880004883
