car 591.599975586 171.339996338 653.840026855 230.160003662
car 1010.70001221 177.630004883 1241.0 374.0
car 851.179992676 171.240005493 1106.27001953 326.940002441
car 793.799987793 160.039993286 982.010009766 268.260009766
car 676.390014648 169.86000061 778.890014648 213.36000061
car 655.900024414 169.350006104 719.390014648 195.570007324
car 248.100006104 174.119995117 352.190002441 226.490005493
car 327.950012207 176.800003052 398.760009766 216.729995728
car 386.420013428 180.419998169 438.450012207 207.11000061
car 458.579986572 174.380004883 496.070007324 194.490005493
car 260.760009766 178.119995117 318.649993896 211.419998169
