pedestrian 644.739990234 146.179992676 665.679992676 204.199996948
pedestrian 280.190002441 138.029998779 318.690002441 259.239990234
pedestrian 835.210021973 184.059997559 926.299987793 369.0
pedestrian 914.119995117 169.369995117 1021.60998535 369.0
pedestrian 601.119995117 146.330001831 636.489990234 213.149993896
pedestrian 624.960021973 139.039993286 663.719970703 260.100006104
pedestrian 622.229980469 137.36000061 656.409973145 244.990005493
pedestrian 571.520019531 140.11000061 610.820007324 259.959991455
pedestrian 545.33001709 136.5 585.630004883 260.529998779
pedestrian 512.489990234 143.410003662 541.280029297 209.75
pedestrian 538.940002441 138.86000061 558.700012207 208.429992676
pedestrian 505.890014648 142.440002441 527.950012207 206.660003662
pedestrian 480.600006104 142.179992676 502.989990234 210.050003052
pedestrian 402.200012207 142.029998779 426.260009766 209.710006714
pedestrian 427.640014648 148.160003662 447.709991455 207.539993286
pedestrian 452.070007324 140.899993896 473.309997559 208.630004883
