car 743.700012207 180.75 876.400024414 264.799987793
car 628.489990234 172.580001831 697.710021973 196.449996948
car 812.969970703 166.690002441 881.460021973 192.240005493
car 972.0 163.960006714 1062.73999023 188.690002441
car 372.450012207 179.130004883 436.630004883 204.149993896
car 255.990005493 181.490005493 310.359985352 204.789993286
car 592.690002441 175.460006714 614.219970703 190.210006714
car 557.020019531 175.38999939 582.049987793 190.440002441
pedestrian 496.880004883 170.809997559 509.220001221 212.880004883
cyclist 834.25 171.839996338 897.320007324 221.270004272
