car 555.460021973 179.089996338 610.5 229.279998779
car 0.0 179.300003052 367.0 375.0
car 225.86000061 177.899993896 358.119995117 251.789993286
car 440.989990234 178.690002441 528.400024414 245.149993896
car 378.029998779 182.720001221 439.739990234 219.899993896
car 201.449996948 184.330001831 299.059997559 229.220001221
car 493.910003662 181.990005493 539.900024414 216.190002441
car 523.190002441 181.919998169 554.369995117 204.789993286
car 343.600006104 181.25 396.429992676 211.020004272
car 0.0 189.729995728 117.940002441 268.029998779
