car 981.58001709 165.779998779 1241.0 374.0
car 0.0 151.160003662 311.029998779 335.519989014
car 0.0 178.380004883 144.75 374.0
car 778.340026855 195.350006104 1107.02001953 374.0
car 16.7999992371 163.490005493 317.75 300.720001221
car 148.229995728 182.539993286 383.559997559 278.720001221
car 186.490005493 178.11000061 419.290008545 263.940002441
car 337.690002441 180.75 479.329986572 232.149993896
car 393.119995117 173.350006104 502.359985352 224.399993896
car 665.179992676 184.869995117 726.41998291 231.850006104
car 715.969970703 186.669998169 864.58001709 293.0
car 647.25 178.63999939 688.539978027 214.600006104
car 435.369995117 179.690002441 527.640014648 213.589996338
