car 0.0 195.369995117 397.190002441 374.0
car 659.530029297 173.919998169 758.890014648 242.649993896
car 885.969970703 199.710006714 1241.0 374.0
car 168.369995117 184.679992676 435.709991455 345.339996338
car 514.869995117 173.339996338 559.549987793 213.009994507
car 635.690002441 171.11000061 689.599975586 212.199996948
car 539.5 175.220001221 569.140014648 199.809997559
car 624.130004883 168.399993896 652.530029297 197.919998169
pedestrian 178.490005493 154.789993286 228.949996948 321.25
pedestrian 257.209991455 162.039993286 286.459991455 284.940002441
pedestrian 271.209991455 172.63999939 299.950012207 298.730010986
