car 0.0 195.910003662 81.3199996948 330.880004883
car 34.8800010681 186.350006104 269.230010986 278.140014648
car 140.660003662 179.770004272 331.029998779 253.289993286
car 196.850006104 184.350006104 370.299987793 243.699996948
car 253.119995117 173.899993896 407.239990234 233.220001221
car 308.450012207 181.369995117 428.829986572 227.559997559
car 335.890014648 180.88999939 440.390014648 218.300003052
car 365.720001221 180.289993286 449.339996338 219.289993286
car 391.350006104 183.429992676 477.670013428 213.529998779
car 410.700012207 173.350006104 485.320007324 206.850006104
car 427.75 176.729995728 501.760009766 206.490005493
car 442.739990234 177.029998779 511.510009766 203.729995728
