car 0.0 200.630004883 171.199996948 374.0
car 169.770004272 190.679992676 411.209991455 340.190002441
car 340.559997559 182.589996338 483.649993896 269.980010986
car 974.150024414 155.0 1100.13000488 227.229995728
car 872.460021973 164.440002441 987.030029297 223.330001831
car 829.190002441 166.169998169 926.020019531 218.600006104
car 806.049987793 168.88999939 903.530029297 214.36000061
car 786.950012207 165.36000061 881.630004883 208.179992676
car 671.299987793 176.220001221 746.369995117 235.960006714
car 472.320007324 176.210006714 540.570007324 224.240005493
car 716.590026855 167.380004883 788.25 199.080001831
