car 997.440002441 192.899993896 1241.0 374.0
car 772.809997559 178.570007324 1071.39001465 371.480010986
car 23.7900009155 200.529998779 354.399993896 374.0
car 294.570007324 187.179992676 444.570007324 294.829986572
car 691.909973145 183.240005493 798.059997559 262.220001221
car 403.809997559 181.789993286 495.480010986 252.699996948
car 672.549987793 181.830001831 752.809997559 234.61000061
car 625.599975586 186.270004272 652.5 207.850006104
car 518.510009766 191.669998169 546.650024414 211.190002441
car 605.369995117 184.339996338 637.400024414 206.229995728
car 583.049987793 187.850006104 607.75 203.960006714
