car 696.320007324 191.449996948 800.25 264.799987793
car 15.6599998474 194.910003662 392.519989014 375.0
car 403.880004883 184.169998169 503.510009766 256.160003662
car 647.599975586 183.36000061 692.400024414 217.020004272
car 218.630004883 188.080001831 347.920013428 255.11000061
car 467.579986572 185.460006714 530.640014648 230.88999939
car 358.630004883 187.130004883 428.320007324 227.550003052
car 418.679992676 185.070007324 465.079986572 214.86000061
car 526.75 186.619995117 555.119995117 208.089996338
car 589.020019531 183.279998779 613.059997559 206.089996338
car 623.380004883 184.649993896 639.710021973 201.11000061
