car 587.25 183.179992676 641.940002441 228.059997559
car 0.0 188.449996948 213.169998169 374.0
car 128.229995728 181.839996338 376.540008545 325.119995117
car 331.579986572 182.929992676 487.399993896 250.009994507
car 383.079986572 180.869995117 503.980010986 239.539993286
car 431.149993896 180.089996338 525.140014648 220.160003662
car 970.530029297 158.149993896 1241.0 374.0
car 914.780029297 175.759994507 1134.11999512 258.290008545
car 592.260009766 181.149993896 626.590026855 212.559997559
car 0.0 186.11000061 148.970001221 302.579986572
car 165.820007324 173.970001221 273.619995117 220.949996948
car 255.619995117 181.179992676 324.019989014 211.0
pedestrian 742.880004883 177.009994507 772.549987793 244.259994507
