car 952.789978027 115.709999084 1241.0 374.0
car 0.0 197.75 248.509994507 374.0
car 678.450012207 178.279998779 756.700012207 241.669998169
car 655.960021973 171.149993896 718.909973145 226.570007324
car 542.909973145 171.570007324 564.780029297 194.149993896
pedestrian 786.559997559 163.160003662 818.559997559 232.770004272
pedestrian 609.25 167.399993896 619.25 194.350006104
pedestrian 615.570007324 168.940002441 624.909973145 195.179992676
cyclist 487.130004883 174.550003052 515.400024414 236.539993286
cyclist 509.420013428 172.0 528.429992676 220.869995117
