car 532.340026855 174.479995728 599.630004883 226.550003052
pedestrian 901.070007324 157.050003052 1117.82995605 373.0
pedestrian 545.479980469 159.940002441 586.309997559 262.019989014
pedestrian 887.900024414 171.520004272 961.640014648 373.0
pedestrian 775.900024414 169.440002441 836.299987793 351.200012207
pedestrian 721.010009766 169.830001831 781.849975586 319.190002441
pedestrian 854.229980469 158.039993286 901.619995117 297.640014648
pedestrian 740.659973145 163.899993896 816.0 279.649993896
pedestrian 822.409973145 176.050003052 881.549987793 322.880004883
pedestrian 798.320007324 161.130004883 870.929992676 268.700012207
pedestrian 785.429992676 168.869995117 857.039978027 300.790008545
