car 531.429992676 168.0 563.16998291 200.050003052
car 418.059997559 159.0 499.75 227.839996338
pedestrian 762.010009766 165.369995117 831.340026855 343.570007324
pedestrian 827.559997559 156.990005493 911.229980469 339.130004883
pedestrian 11.279999733 168.289993286 88.9499969482 350.369995117
pedestrian 366.619995117 166.720001221 414.290008545 276.230010986
pedestrian 662.520019531 167.550003052 689.520019531 243.869995117
pedestrian 833.489990234 157.490005493 916.429992676 273.100006104
pedestrian 1088.73999023 140.949996948 1177.40002441 294.869995117
pedestrian 1009.72998047 150.300003052 1058.40002441 271.440002441
pedestrian 435.130004883 174.059997559 468.470001221 248.919998169
pedestrian 402.75 172.350006104 434.75 249.36000061
pedestrian 1153.88000488 141.679992676 1231.54003906 288.019989014
