car 592.16998291 174.169998169 640.969970703 220.339996338
car 365.260009766 184.839996338 443.010009766 229.149993896
car 748.739990234 169.25 939.549987793 259.600006104
car 689.119995117 174.399993896 819.900024414 229.169998169
car 688.929992676 173.179992676 795.719970703 220.179992676
car 686.83001709 168.289993286 778.140014648 212.470001221
car 648.150024414 172.61000061 715.570007324 199.309997559
car 389.179992676 174.979995728 441.279998779 206.199996948
car 422.369995117 175.529998779 463.239990234 201.580001831
car 488.299987793 176.11000061 514.5 191.570007324
car 368.450012207 176.759994507 401.019989014 199.380004883
car 125.550003052 178.059997559 165.990005493 203.779998779
