pedestrian 694.289978027 148.940002441 710.289978027 206.630004883
pedestrian 268.440002441 131.63999939 312.100006104 251.490005493
pedestrian 1031.88000488 142.619995117 1140.20996094 369.0
pedestrian 995.5 125.959999084 1162.54003906 369.0
pedestrian 916.809997559 140.809997559 1041.81005859 369.0
pedestrian 932.659973145 131.529998779 1201.26000977 369.0
pedestrian 590.559997559 141.869995117 630.559997559 249.910003662
pedestrian 636.739990234 133.100006104 674.739990234 245.960006714
pedestrian 569.75 140.0 601.08001709 229.949996948
pedestrian 544.349975586 139.86000061 576.020019531 231.789993286
pedestrian 621.950012207 145.050003052 660.820007324 220.220001221
pedestrian 445.119995117 140.470001221 474.119995117 234.809997559
pedestrian 476.950012207 148.770004272 500.950012207 227.649993896
pedestrian 500.390014648 136.759994507 529.390014648 225.009994507
pedestrian 533.650024414 152.690002441 557.320007324 226.029998779
