pedestrian 663.619995117 145.529998779 684.280029297 202.25
pedestrian 259.390014648 139.600006104 296.730010986 261.190002441
pedestrian 1049.13000488 121.709999084 1223.0 369.0
pedestrian 799.679992676 138.759994507 883.349975586 330.769989014
pedestrian 723.479980469 147.020004272 788.140014648 336.459991455
pedestrian 917.299987793 138.779998779 1007.63000488 342.299987793
pedestrian 1025.90002441 147.679992676 1101.90002441 343.109985352
pedestrian 892.659973145 160.690002441 924.659973145 238.020004272
pedestrian 503.260009766 143.479995728 568.929992676 324.200012207
pedestrian 556.099975586 158.210006714 600.099975586 303.829986572
pedestrian 590.219970703 140.25 638.880004883 300.540008545
pedestrian 634.440002441 163.419998169 678.780029297 294.0
pedestrian 663.16998291 143.210006714 708.5 284.839996338
pedestrian 498.549987793 141.179992676 534.219970703 240.169998169
pedestrian 564.099975586 146.460006714 607.960021973 238.240005493
pedestrian 599.099975586 139.339996338 648.349975586 238.580001831
pedestrian 661.090026855 141.949996948 706.239990234 235.839996338
