car 694.520019531 174.869995117 805.75 261.390014648
car 663.760009766 167.229995728 742.280029297 237.479995728
car 650.710021973 165.910003662 711.690002441 223.13999939
car 532.270019531 169.059997559 556.400024414 193.63999939
car 471.579986572 176.36000061 514.640014648 209.910003662
car 131.339996338 193.240005493 373.700012207 318.480010986
car 314.390014648 184.580001831 435.220001221 261.540008545
pedestrian 838.099975586 155.550003052 876.760009766 246.699996948
pedestrian 617.58001709 165.0 629.909973145 195.009994507
pedestrian 621.510009766 166.960006714 633.16998291 196.199996948
cyclist 403.25 174.789993286 457.690002441 277.459991455
cyclist 463.170013428 170.339996338 492.700012207 238.699996948
