car 598.659973145 178.36000061 622.5 201.039993286
car 853.140014648 185.770004272 1241.0 374.0
car 534.979980469 181.669998169 571.590026855 211.600006104
car 712.08001709 182.179992676 830.229980469 268.119995117
car 678.049987793 175.830001831 767.659973145 245.779998779
car 670.489990234 172.619995117 731.539978027 230.089996338
car 650.979980469 178.600006104 696.679992676 214.330001831
car 638.340026855 176.960006714 664.659973145 200.600006104
car 413.510009766 182.899993896 471.859985352 204.740005493
car 333.329986572 183.520004272 399.049987793 206.309997559
pedestrian 749.130004883 161.929992676 770.119995117 220.690002441
