car 928.16998291 160.850006104 1241.0 374.0
car 746.119995117 184.820007324 1011.22998047 339.890014648
car 681.969970703 169.160003662 770.570007324 243.710006714
car 225.970001221 174.509994507 437.529998779 249.059997559
car 311.859985352 159.5 443.959991455 229.559997559
car 394.040008545 174.679992676 500.059997559 215.61000061
car 418.839996338 171.88999939 517.760009766 212.179992676
car 472.049987793 161.289993286 541.049987793 193.649993896
car 650.969970703 174.729995728 694.789978027 208.86000061
car 625.659973145 170.440002441 646.83001709 186.800003052
cyclist 578.530029297 168.369995117 584.739990234 184.720001221
