car 665.280029297 180.070007324 736.289978027 234.960006714
car 0.0 207.339996338 356.619995117 374.0
car 867.820007324 165.25 1125.73999023 239.600006104
car 832.41998291 146.759994507 1031.39001465 225.820007324
car 407.679992676 184.080001831 474.829986572 232.089996338
car 255.229995728 195.080001831 388.890014648 271.989990234
car 774.440002441 163.36000061 916.229980469 213.699996948
car 467.510009766 183.63999939 511.359985352 214.699996948
car 1066.7199707 150.570007324 1197.52001953 193.029998779
car 1021.09002686 153.919998169 1144.82995605 188.320007324
