car 828.780029297 178.350006104 1208.26000977 374.0
car 444.5 161.470001221 548.469970703 258.649993896
car 0.0 209.149993896 372.369995117 374.0
car 714.940002441 183.699996948 803.059997559 240.779998779
car 757.479980469 181.759994507 896.530029297 273.600006104
car 558.229980469 173.88999939 590.940002441 204.800003052
car 494.179992676 178.270004272 563.229980469 233.470001221
car 707.390014648 179.350006104 768.090026855 226.25
car 691.030029297 178.259994507 738.989990234 214.080001831
car 679.530029297 176.830001831 720.429992676 208.059997559
