car 592.369995117 173.729995728 641.609985352 220.309997559
car 340.029998779 186.160003662 428.549987793 235.61000061
car 760.679992676 168.86000061 963.940002441 267.399993896
car 694.539978027 173.789993286 831.150024414 231.479995728
car 692.679992676 173.199996948 803.58001709 222.320007324
car 691.940002441 167.25 786.559997559 213.300003052
car 649.299987793 172.580001831 718.229980469 199.949996948
car 384.320007324 174.089996338 438.040008545 206.070007324
car 418.820007324 175.649993896 460.850006104 202.289993286
car 487.269989014 175.940002441 513.909973145 191.63999939
car 363.970001221 175.979995728 397.529998779 199.059997559
car 115.309997559 178.429992676 156.210006714 204.75
