car 878.789978027 174.649993896 1241.0 374.0
car 0.0 211.630004883 211.080001831 374.0
car 146.740005493 173.309997559 391.839996338 328.920013428
car 719.989990234 171.869995117 875.039978027 278.600006104
car 340.820007324 174.13999939 467.570007324 265.470001221
car 684.960021973 172.009994507 786.25 237.339996338
car 646.16998291 171.600006104 690.159973145 206.770004272
car 626.280029297 174.940002441 655.070007324 197.929992676
car 510.149993896 179.839996338 540.049987793 200.179992676
car 604.770019531 171.88999939 639.130004883 195.179992676
car 581.640014648 175.369995117 607.75 192.070007324
