car 1095.44995117 184.839996338 1223.0 236.190002441
car 1032.17004395 183.839996338 1157.35998535 232.61000061
car 952.719970703 181.850006104 1068.67004395 234.399993896
car 602.539978027 172.490005493 636.700012207 202.809997559
pedestrian 816.849975586 153.5 882.510009766 315.760009766
pedestrian 265.510009766 157.11000061 318.739990234 237.130004883
pedestrian 313.630004883 157.759994507 363.619995117 234.949996948
pedestrian 354.809997559 157.759994507 382.809997559 239.440002441
pedestrian 405.010009766 157.309997559 460.339996338 261.410003662
pedestrian 457.320007324 160.490005493 498.989990234 252.679992676
pedestrian 278.649993896 159.039993286 311.320007324 255.190002441
pedestrian 324.540008545 158.869995117 350.540008545 251.259994507
pedestrian 355.320007324 164.809997559 390.320007324 247.119995117
pedestrian 296.179992676 158.020004272 325.510009766 240.86000061
