car 871.140014648 204.679992676 1241.0 374.0
car 706.780029297 171.869995117 842.260009766 279.769989014
car 47.1300010681 177.729995728 367.100006104 287.119995117
car 174.13999939 174.399993896 406.269989014 264.480010986
car 217.740005493 160.940002441 396.760009766 253.210006714
car 268.959991455 181.050003052 418.739990234 239.270004272
car 346.589996338 178.25 478.899993896 228.759994507
car 378.450012207 177.869995117 499.799987793 226.809997559
car 391.679992676 170.649993896 488.579986572 218.529998779
car 392.320007324 172.070007324 511.529998779 216.039993286
car 454.809997559 162.320007324 532.25 198.449996948
car 659.679992676 180.210006714 711.289978027 221.190002441
car 627.119995117 174.350006104 650.099975586 192.100006104
cyclist 574.950012207 172.720001221 581.929992676 190.899993896
