car 371.079986572 176.729995728 483.970001221 255.020004272
pedestrian 489.390014648 156.88999939 579.390014648 373.0
pedestrian 485.799987793 167.380004883 592.5 349.529998779
pedestrian 350.239990234 170.929992676 409.910003662 345.570007324
pedestrian 254.539993286 171.199996948 308.540008545 313.109985352
pedestrian 479.329986572 160.149993896 568.940002441 297.600006104
pedestrian 361.239990234 176.520004272 422.570007324 316.459991455
pedestrian 434.260009766 160.350006104 466.260009766 268.480010986
pedestrian 446.649993896 163.809997559 498.980010986 296.839996338
pedestrian 655.770019531 161.690002441 675.109985352 213.589996338
pedestrian 554.58001709 167.770004272 571.58001709 214.669998169
