car 200.160003662 150.919998169 273.429992676 205.789993286
car 257.880004883 163.949996948 328.640014648 203.63999939
car 322.869995117 163.539993286 403.859985352 197.300003052
car 544.770019531 163.100006104 599.320007324 189.669998169
car 588.900024414 161.789993286 646.059997559 189.419998169
car 620.630004883 166.899993896 682.469970703 188.320007324
car 659.150024414 166.779998779 704.099975586 188.259994507
car 680.08001709 167.13999939 731.159973145 187.320007324
car 703.059997559 165.169998169 761.799987793 185.970001221
car 770.140014648 163.059997559 822.840026855 182.160003662
car 793.190002441 163.789993286 838.809997559 181.160003662
pedestrian 225.330001831 160.880004883 243.669998169 210.0
