car 470.899993896 164.720001221 535.469970703 221.690002441
pedestrian 770.469970703 161.589996338 854.140014648 373.0
pedestrian 860.390014648 149.570007324 967.719970703 373.0
pedestrian 198.839996338 165.490005493 274.839996338 368.589996338
pedestrian 643.400024414 164.130004883 672.729980469 255.75
pedestrian 722.320007324 165.119995117 753.659973145 243.929992676
pedestrian 1111.32995605 150.970001221 1191.66003418 267.519989014
pedestrian 1114.17004395 143.009994507 1190.51000977 252.220001221
pedestrian 904.429992676 156.100006104 942.090026855 241.25
pedestrian 548.469970703 174.679992676 562.969970703 221.160003662
