car 777.320007324 148.910003662 1102.63000488 263.100006104
car 1138.83996582 144.039993286 1241.0 187.490005493
car 1097.7800293 147.839996338 1239.22998047 188.309997559
car 387.489990234 183.029998779 468.929992676 242.529998779
car 484.980010986 178.679992676 555.030029297 232.080001831
car 780.869995117 149.490005493 906.299987793 196.820007324
car 922.840026855 151.149993896 985.929992676 185.259994507
car 960.289978027 153.580001831 1029.43994141 184.550003052
car 426.670013428 183.929992676 495.480010986 228.699996948
car 642.760009766 174.339996338 684.780029297 203.440002441
car 592.559997559 179.240005493 621.719970703 202.580001831
