car 0.0 230.029998779 66.0500030518 374.0
car 61.2400016785 202.589996338 324.489990234 328.440002441
car 1170.10998535 128.020004272 1241.0 268.609985352
car 1022.98999023 137.779998779 1241.0 253.350006104
car 920.83001709 152.449996948 1156.79003906 238.660003662
car 315.459991455 191.740005493 439.260009766 258.450012207
car 731.150024414 178.529998779 890.150024414 279.839996338
car 697.190002441 174.63999939 790.409973145 245.789993286
car 401.209991455 187.63999939 473.559997559 237.229995728
car 671.520019531 178.570007324 730.409973145 219.399993896
car 658.469970703 180.410003662 707.630004883 214.130004883
