car 0.0 160.429992676 180.970001221 374.0
car 0.0 181.199996948 238.949996948 318.299987793
car 154.149993896 172.070007324 397.829986572 257.959991455
car 282.959991455 164.619995117 450.649993896 241.039993286
car 690.25 183.869995117 798.25 260.920013428
car 892.289978027 194.339996338 1241.0 374.0
car 656.159973145 173.729995728 714.729980469 222.710006714
car 369.239990234 175.990005493 495.910003662 221.779998779
car 648.239990234 179.199996948 693.489990234 211.470001221
car 640.41998291 175.240005493 672.450012207 204.779998779
