car 0.0 180.919998169 427.420013428 374.0
car 846.179992676 160.259994507 1241.0 374.0
car 304.549987793 181.630004883 513.440002441 308.850006104
car 659.119995117 175.38999939 726.710021973 224.899993896
car 732.359985352 179.399993896 1001.48999023 344.989990234
car 396.25 176.449996948 517.070007324 253.029998779
car 540.700012207 173.380004883 576.559997559 206.169998169
car 642.710021973 172.080001831 684.66998291 205.86000061
car 632.369995117 170.289993286 658.150024414 196.279998779
pedestrian 355.899993896 163.63999939 385.140014648 264.690002441
pedestrian 384.850006104 166.020004272 403.329986572 247.020004272
pedestrian 392.350006104 167.470001221 411.279998779 250.440002441
