car 527.679992676 171.75 602.820007324 229.630004883
pedestrian 967.380004883 147.770004272 1237.0 373.0
pedestrian 501.510009766 158.25 547.530029297 267.420013428
pedestrian 974.909973145 169.369995117 1066.42004395 373.0
pedestrian 806.119995117 163.559997559 873.630004883 373.0
pedestrian 685.270019531 167.679992676 753.929992676 330.929992676
pedestrian 880.190002441 154.660003662 945.239990234 314.630004883
pedestrian 761.549987793 160.679992676 810.390014648 287.540008545
pedestrian 819.859985352 169.429992676 876.909973145 339.239990234
pedestrian 785.799987793 160.929992676 863.299987793 277.220001221
pedestrian 802.380004883 163.910003662 887.900024414 311.570007324
