car 0.0 210.669998169 275.589996338 373.049987793
car 364.109985352 197.960006714 494.019989014 292.480010986
car 195.070007324 202.300003052 370.470001221 303.779998779
car 1141.15002441 162.149993896 1241.0 271.040008545
car 494.5 191.86000061 545.929992676 237.580001831
car 536.210021973 191.100006104 563.090026855 216.11000061
car 632.770019531 185.600006104 726.83001709 222.929992676
car 612.280029297 187.119995117 676.989990234 214.380004883
pedestrian 156.919998169 188.270004272 194.25 285.760009766
cyclist 788.219970703 186.990005493 914.039978027 293.640014648
cyclist 829.979980469 184.850006104 970.099975586 311.630004883
