car 586.270019531 174.86000061 645.75 223.210006714
car 152.350006104 187.320007324 379.269989014 292.959991455
car 263.859985352 187.960006714 435.470001221 264.739990234
car 366.970001221 177.679992676 469.160003662 229.039993286
car 483.390014648 184.839996338 561.609985352 234.880004883
car 443.720001221 176.830001831 518.33001709 209.009994507
car 691.109985352 177.050003052 803.320007324 252.940002441
car 672.599975586 180.490005493 751.130004883 231.619995117
car 664.590026855 171.190002441 718.239990234 216.36000061
car 637.429992676 175.369995117 667.619995117 198.710006714
car 0.0 195.63999939 152.440002441 299.019989014
car 592.900024414 173.160003662 631.630004883 208.490005493
car 0.0 184.770004272 100.0 242.740005493
