car 559.840026855 178.179992676 617.210021973 230.490005493
car 0.0 184.940002441 195.429992676 326.920013428
car 191.630004883 178.220001221 453.980010986 349.049987793
car 288.920013428 177.86000061 392.859985352 239.470001221
car 465.380004883 177.789993286 539.0 234.979995728
car 407.779998779 182.229995728 459.640014648 214.740005493
car 255.449996948 183.619995117 335.369995117 222.61000061
car 503.359985352 182.229995728 545.429992676 213.979995728
car 528.179992676 181.919998169 557.210021973 203.38999939
car 53.1699981689 187.460006714 200.649993896 250.800003052
