car 679.070007324 184.080001831 761.770019531 242.789993286
car 0.0 197.289993286 143.479995728 375.0
car 628.090026855 178.029998779 659.020019531 201.899993896
car 199.929992676 187.070007324 437.109985352 325.059997559
car 57.2200012207 187.479995728 265.109985352 278.480010986
car 426.649993896 179.470001221 501.730010986 232.949996948
car 299.890014648 183.270004272 389.410003662 231.5
car 492.209991455 181.679992676 534.840026855 211.399993896
car 523.260009766 180.710006714 552.880004883 203.339996338
car 585.510009766 177.970001221 615.650024414 206.259994507
