car 0.0 154.619995117 289.059997559 323.019989014
car 793.340026855 197.759994507 1241.0 374.0
car 681.320007324 177.309997559 781.880004883 259.730010986
car 82.4400024414 187.36000061 350.170013428 291.609985352
car 198.800003052 186.949996948 400.320007324 270.0
car 215.369995117 181.770004272 429.829986572 256.829986572
car 660.609985352 184.13999939 730.280029297 232.809997559
car 647.429992676 179.009994507 691.239990234 218.649993896
car 427.420013428 173.869995117 502.940002441 215.539993286
car 464.559997559 182.63999939 532.08001709 209.279998779
