car 722.140014648 159.580001831 880.369995117 215.630004883
car 1161.64001465 137.970001221 1241.0 181.179992676
car 1012.28997803 147.449996948 1112.9699707 178.300003052
car 989.140014648 149.199996948 1086.70996094 178.289993286
car 495.75 175.850006104 541.609985352 212.410003662
car 574.640014648 173.509994507 605.859985352 198.179992676
car 761.460021973 158.11000061 850.929992676 192.330001831
car 883.109985352 150.089996338 928.030029297 176.850006104
car 916.900024414 153.669998169 965.950012207 178.039993286
car 662.530029297 169.690002441 694.359985352 191.910003662
