car 0.0 208.61000061 258.850006104 374.0
car 195.369995117 198.729995728 374.170013428 292.660003662
car 320.549987793 194.080001831 425.390014648 259.890014648
car 389.720001221 189.779998779 467.820007324 237.0
car 849.150024414 147.130004883 1016.84997559 209.210006714
car 839.729980469 147.630004883 949.570007324 204.869995117
car 801.520019531 151.770004272 917.109985352 202.419998169
car 1188.95996094 126.510002136 1241.0 172.710006714
car 1143.65002441 130.490005493 1241.0 173.449996948
car 763.239990234 158.789993286 870.760009766 201.350006104
car 448.040008545 185.270004272 504.019989014 220.770004272
car 669.130004883 174.589996338 726.33001709 218.660003662
car 659.599975586 174.350006104 704.719970703 212.679992676
