car 587.179992676 182.740005493 640.349975586 226.309997559
car 226.490005493 183.869995117 414.690002441 284.079986572
car 387.140014648 186.36000061 518.270019531 236.88999939
car 510.079986572 173.309997559 569.520019531 202.320007324
car 591.809997559 179.830001831 625.849975586 210.880004883
car 0.0 187.169998169 86.7799987793 244.470001221
car 0.0 182.86000061 213.800003052 298.059997559
car 180.699996948 177.820007324 318.489990234 247.86000061
pedestrian 64.6800003052 166.529998779 88.6800003052 232.050003052
pedestrian 196.029998779 176.509994507 215.029998779 215.38999939
