car 574.119995117 177.339996338 617.510009766 216.899993896
car 0.0 176.800003052 329.380004883 375.0
car 21.0 189.440002441 245.089996338 281.200012207
car 247.070007324 176.63999939 368.959991455 244.919998169
car 394.329986572 183.679992676 500.209991455 253.960006714
car 356.179992676 181.949996948 433.190002441 225.179992676
car 493.309997559 183.509994507 546.409973145 220.169998169
car 460.290008545 180.38999939 498.109985352 205.179992676
car 0.0 186.460006714 121.309997559 268.829986572
car 128.539993286 184.350006104 254.0 239.339996338
