car 598.280029297 182.029998779 696.099975586 274.940002441
car 724.820007324 175.25 855.940002441 237.039993286
car 689.91998291 179.729995728 766.969970703 217.899993896
car 669.690002441 181.100006104 738.650024414 209.740005493
car 56.8300018311 198.759994507 279.690002441 307.929992676
car 0.0 201.880004883 194.720001221 285.619995117
car 491.890014648 182.899993896 533.210021973 211.149993896
car 557.599975586 180.020004272 586.880004883 200.679992676
car 594.320007324 178.550003052 615.799987793 194.740005493
car 337.869995117 187.880004883 416.079986572 226.080001831
car 391.989990234 181.080001831 445.160003662 218.649993896
car 450.660003662 182.61000061 495.959991455 207.979995728
car 508.970001221 183.130004883 550.190002441 201.309997559
car 213.839996338 186.509994507 296.089996338 225.429992676
car 196.429992676 185.190002441 284.309997559 214.080001831
