car 790.010009766 184.589996338 1210.72998047 374.0
car 54.6399993896 200.990005493 321.790008545 344.570007324
car 661.859985352 164.179992676 813.91998291 274.489990234
car 229.61000061 184.820007324 388.040008545 274.359985352
car 589.700012207 174.770004272 653.159973145 221.559997559
car 401.660003662 183.880004883 454.119995117 219.899993896
car 564.659973145 175.5 603.090026855 207.61000061
pedestrian 406.390014648 171.089996338 420.540008545 205.330001831
pedestrian 393.0 173.75 407.399993896 208.130004883
cyclist 113.040000916 166.589996338 291.609985352 374.0
cyclist 288.690002441 174.839996338 397.5 333.989990234
