car 593.119995117 178.13999939 659.369995117 240.839996338
car 788.679992676 174.320007324 961.5 277.600006104
car 706.570007324 176.869995117 837.729980469 235.970001221
car 263.029998779 182.029998779 403.880004883 258.239990234
car 0.0 196.830001831 137.25 294.269989014
car 114.959999084 178.13999939 266.440002441 258.690002441
car 471.220001221 179.949996948 531.729980469 212.36000061
car 580.0 171.779998779 609.340026855 194.050003052
car 315.579986572 180.199996948 405.230010986 223.369995117
car 443.209991455 181.169998169 503.630004883 207.720001221
car 658.130004883 174.020004272 683.25 191.63999939
car 188.699996948 183.169998169 297.489990234 225.169998169
