car 1093.73999023 183.399993896 1223.0 234.600006104
car 1032.69995117 183.979995728 1156.66003418 232.729995728
car 952.989990234 181.63999939 1068.81005859 234.149993896
car 602.479980469 172.699996948 636.510009766 203.029998779
pedestrian 182.779998779 149.279998779 196.11000061 196.800003052
pedestrian 161.0 151.699996948 186.669998169 221.570007324
pedestrian 127.88999939 147.580001831 157.550003052 218.710006714
pedestrian 1020.15002441 149.38999939 1136.47998047 369.0
pedestrian 1032.44995117 145.929992676 1121.44995117 353.279998779
pedestrian 1151.08996582 136.289993286 1223.0 367.489990234
cyclist 846.940002441 153.800003052 1022.7800293 311.350006104
cyclist 1153.55004883 150.440002441 1223.0 336.730010986
cyclist 186.589996338 163.350006104 300.640014648 303.700012207
