car 535.630004883 174.770004272 574.679992676 204.910003662
pedestrian 0.0 143.86000061 257.200012207 373.0
pedestrian 633.789978027 164.25 667.119995117 258.459991455
pedestrian 444.230010986 170.080001831 472.450012207 235.369995117
pedestrian 427.119995117 171.479995728 449.670013428 232.949996948
pedestrian 726.599975586 164.429992676 749.510009766 222.880004883
pedestrian 615.0 165.160003662 637.260009766 227.429992676
pedestrian 678.760009766 165.649993896 706.929992676 256.290008545
pedestrian 710.210021973 161.960006714 737.030029297 235.839996338
pedestrian 746.450012207 157.880004883 766.400024414 222.0
pedestrian 211.36000061 171.070007324 256.970001221 273.230010986
pedestrian 695.83001709 170.270004272 718.869995117 245.289993286
