car 1079.79003906 203.929992676 1241.0 374.0
car 852.229980469 188.520004272 1212.92004395 296.790008545
car 124.199996948 184.149993896 393.549987793 276.529998779
car 640.940002441 185.520004272 671.890014648 208.399993896
car 456.600006104 182.949996948 540.559997559 213.880004883
car 704.690002441 185.589996338 804.780029297 223.309997559
car 335.309997559 185.089996338 486.980010986 241.119995117
car 231.789993286 184.259994507 446.540008545 260.529998779
car 770.599975586 183.690002441 910.179992676 241.13999939
car 795.280029297 188.669998169 954.890014648 248.050003052
