car 592.909973145 178.259994507 617.75 201.88999939
car 259.769989014 193.289993286 474.859985352 337.829986572
car 848.869995117 178.169998169 1241.0 374.0
car 762.369995117 171.100006104 994.700012207 362.519989014
car 676.200012207 180.490005493 771.979980469 250.779998779
car 644.16998291 178.820007324 685.16998291 214.020004272
car 663.070007324 177.339996338 729.989990234 232.63999939
car 329.700012207 189.169998169 415.25 220.289993286
car 215.089996338 190.270004272 311.459991455 222.740005493
car 632.989990234 178.509994507 659.510009766 200.619995117
pedestrian 886.539978027 151.960006714 930.599975586 288.690002441
