car 562.960021973 180.179992676 620.929992676 227.380004883
car 180.660003662 192.990005493 458.559997559 374.0
car 358.109985352 191.619995117 500.600006104 290.529998779
car 221.490005493 189.919998169 380.700012207 269.799987793
car 362.959991455 182.100006104 464.779998779 226.009994507
car 523.280029297 179.169998169 562.809997559 207.580001831
car 460.980010986 175.440002441 526.969970703 201.210006714
car 899.150024414 229.550003052 1241.0 374.0
car 747.440002441 180.539993286 976.109985352 344.399993896
car 640.039978027 179.11000061 694.150024414 219.570007324
car 127.199996948 183.279998779 238.779998779 224.229995728
car 577.409973145 176.520004272 613.869995117 209.820007324
car 0.0 188.949996948 40.6599998474 246.699996948
pedestrian 716.690002441 168.520004272 729.690002441 209.940002441
