car 0.0 214.119995117 261.549987793 374.0
car 971.359985352 207.029998779 1241.0 374.0
car 742.489990234 189.820007324 1062.92004395 371.910003662
car 155.460006714 199.75 441.459991455 356.549987793
car 357.320007324 189.229995728 474.170013428 274.350006104
car 428.369995117 188.619995117 515.549987793 248.830001831
car 707.900024414 181.449996948 843.890014648 268.959991455
car 691.190002441 178.300003052 771.33001709 238.300003052
car 895.570007324 158.419998169 1024.41003418 216.080001831
car 641.520019531 178.649993896 681.880004883 206.589996338
car 596.390014648 182.679992676 628.900024414 201.410003662
car 561.75 178.589996338 600.270019531 195.080001831
cyclist 518.320007324 177.470001221 535.549987793 196.789993286
