car 380.720001221 153.850006104 439.640014648 198.75
car 421.850006104 163.289993286 479.880004883 196.490005493
car 472.880004883 163.169998169 540.869995117 191.830001831
car 661.41998291 161.75 711.119995117 185.839996338
car 702.489990234 159.199996948 755.489990234 184.779998779
car 731.479980469 164.869995117 790.869995117 185.020004272
car 768.099975586 164.86000061 811.890014648 185.100006104
car 789.400024414 165.910003662 838.570007324 185.029998779
car 811.340026855 163.550003052 868.880004883 183.460006714
car 879.450012207 160.86000061 933.340026855 179.619995117
car 904.309997559 162.729995728 951.460021973 179.850006104
pedestrian 421.850006104 161.0 437.25 200.440002441
