car 597.510009766 177.13999939 660.369995117 228.13999939
car 56.9099998474 177.699996948 358.929992676 374.0
car 210.270004272 177.449996948 418.399993896 297.329986572
car 405.739990234 175.289993286 537.349975586 229.759994507
car 462.140014648 172.220001221 543.809997559 211.770004272
car 478.299987793 172.089996338 559.010009766 207.029998779
car 818.030029297 166.020004272 1127.04003906 337.170013428
car 749.479980469 181.309997559 869.570007324 254.149993896
car 717.929992676 180.009994507 798.809997559 231.399993896
car 700.309997559 165.600006104 769.940002441 216.520004272
car 0.0 186.970001221 123.050003052 296.829986572
car 323.739990234 170.309997559 419.869995117 217.509994507
car 608.41998291 168.550003052 645.070007324 201.960006714
car 85.0 181.75 278.709991455 264.940002441
pedestrian 781.190002441 177.350006104 829.849975586 285.010009766
pedestrian 688.929992676 171.589996338 700.929992676 202.070007324
