car 596.049987793 177.320007324 658.200012207 227.759994507
car 0.0 178.179992676 247.009994507 374.0
car 338.109985352 180.419998169 509.0 254.669998169
car 426.040008545 175.089996338 524.08001709 223.75
car 448.130004883 173.100006104 544.340026855 214.919998169
car 482.589996338 173.100006104 560.890014648 203.830001831
car 960.159973145 142.38999939 1241.0 374.0
car 799.530029297 188.380004883 1003.73999023 302.529998779
car 742.66998291 185.369995117 857.479980469 255.050003052
car 713.960021973 168.169998169 801.989990234 231.419998169
car 770.340026855 171.169998169 870.390014648 209.88999939
car 67.3899993896 177.240005493 292.5 264.959991455
car 236.660003662 174.449996948 364.989990234 234.949996948
car 605.260009766 172.419998169 641.239990234 205.220001221
car 0.0 182.960006714 118.540000916 298.570007324
car 314.170013428 173.36000061 396.290008545 222.479995728
car 0.0 173.800003052 152.300003052 238.119995117
pedestrian 885.349975586 183.559997559 986.020019531 374.0
pedestrian 690.5 172.660003662 706.5 207.460006714
