car 572.260009766 178.509994507 629.099975586 224.410003662
car 0.0 183.300003052 228.679992676 374.0
car 255.660003662 182.509994507 429.790008545 267.209991455
car 367.450012207 175.279998779 499.410003662 234.919998169
car 465.130004883 173.61000061 548.789978027 208.36000061
car 872.25 190.800003052 1241.0 374.0
car 686.450012207 179.529998779 758.530029297 228.020004272
car 216.11000061 182.179992676 330.920013428 235.800003052
car 593.460021973 173.279998779 631.619995117 208.089996338
car 117.510002136 177.470001221 232.61000061 219.36000061
