car 587.380004883 187.059997559 640.309997559 231.070007324
car 0.0 201.210006714 182.759994507 374.0
car 77.0299987793 186.259994507 342.809997559 356.519989014
car 304.390014648 188.399993896 461.970001221 263.119995117
car 416.350006104 187.699996948 530.770019531 230.86000061
car 594.409973145 182.210006714 627.760009766 212.830001831
car 0.0 178.160003662 42.0499992371 249.960006714
car 32.25 189.679992676 169.929992676 239.940002441
car 101.540000916 185.119995117 293.470001221 269.959991455
car 261.049987793 181.779998779 364.399993896 239.039993286
pedestrian 949.760009766 178.979995728 1044.08996582 358.109985352
pedestrian 149.669998169 172.330001831 168.339996338 228.199996948
pedestrian 240.229995728 180.470001221 253.729995728 215.339996338
