car 0.0 229.419998169 82.0400009155 374.0
car 28.5400009155 205.649993896 309.559997559 341.190002441
car 248.960006714 197.009994507 390.029998779 280.220001221
car 351.829986572 194.020004272 447.959991455 250.520004272
car 897.369995117 143.190002441 1106.15002441 218.669998169
car 877.710021973 143.169998169 1011.08001709 210.949996948
car 831.08001709 149.399993896 967.869995117 208.36000061
car 1213.31994629 125.800003052 1241.0 173.039993286
car 784.229980469 156.809997559 908.83001709 205.589996338
car 426.559997559 188.190002441 493.130004883 228.690002441
car 676.469970703 175.039993286 747.900024414 226.410003662
car 665.349975586 173.910003662 717.33001709 217.320007324
