car 880.289978027 181.720001221 1241.0 374.0
car 0.0 195.839996338 271.260009766 374.0
car 350.149993896 184.479995728 452.329986572 247.899993896
car 412.239990234 185.270004272 484.910003662 230.679992676
car 451.399993896 182.710006714 502.950012207 219.940002441
car 477.709991455 182.149993896 522.780029297 212.490005493
car 778.150024414 154.869995117 880.880004883 194.300003052
car 752.530029297 157.779998779 829.460021973 192.449996948
car 1089.55004883 136.899993896 1223.40002441 175.38999939
car 1049.7800293 137.910003662 1175.18005371 176.119995117
car 1023.90002441 142.770004272 1146.45996094 175.229995728
car 1009.15997314 143.36000061 1121.60998535 174.229995728
car 665.729980469 172.289993286 703.710021973 202.25
