car 903.599975586 200.830001831 1241.0 374.0
car 0.0 187.919998169 226.0 339.070007324
car 122.330001831 181.929992676 365.049987793 270.420013428
car 204.940002441 182.220001221 432.820007324 258.790008545
car 250.160003662 180.059997559 439.75 246.270004272
car 767.58001709 180.38999939 1004.0300293 339.679992676
car 682.200012207 184.419998169 751.969970703 233.399993896
car 341.880004883 182.520004272 478.290008545 238.979995728
car 725.190002441 182.259994507 828.909973145 216.240005493
car 477.019989014 178.520004272 547.590026855 202.339996338
car 497.190002441 173.429992676 560.780029297 199.899993896
