car 734.869995117 155.479995728 1001.33001709 345.260009766
car 0.0 188.660003662 186.75 374.0
car 0.0 189.520004272 271.670013428 333.040008545
car 36.4000015259 178.669998169 323.820007324 286.160003662
car 186.720001221 157.669998169 431.299987793 255.600006104
car 153.88999939 172.970001221 375.940002441 271.230010986
car 700.090026855 179.460006714 826.08001709 262.579986572
car 254.130004883 161.690002441 422.779998779 243.009994507
car 310.929992676 175.38999939 457.480010986 236.240005493
car 316.350006104 170.990005493 471.339996338 229.449996948
car 399.709991455 171.279998779 506.839996338 210.619995117
car 433.660003662 164.199996948 519.770019531 204.830001831
car 649.539978027 174.789993286 694.799987793 210.169998169
car 677.900024414 175.419998169 759.760009766 238.11000061
car 638.049987793 169.710006714 671.539978027 199.449996948
