car 978.369995117 185.130004883 1241.0 374.0
car 694.059997559 185.050003052 866.979980469 296.899993896
car 256.769989014 199.990005493 391.970001221 285.429992676
car 625.299987793 174.800003052 725.940002441 249.820007324
car 569.429992676 185.919998169 622.530029297 224.839996338
car 409.619995117 189.86000061 450.119995117 221.11000061
car 547.229980469 185.11000061 582.08001709 213.320007324
pedestrian 406.540008545 179.309997559 417.5 209.119995117
pedestrian 397.880004883 182.710006714 409.359985352 212.61000061
cyclist 366.260009766 177.740005493 418.700012207 278.859985352
cyclist 418.589996338 181.600006104 461.859985352 264.760009766
