pedestrian 1051.27001953 100.319999695 1223.0 369.0
pedestrian 924.770019531 144.350006104 945.710021973 205.740005493
pedestrian 558.380004883 152.970001221 609.599975586 297.309997559
pedestrian 468.739990234 149.990005493 532.450012207 288.630004883
pedestrian 505.989990234 137.710006714 568.940002441 292.429992676
pedestrian 847.039978027 151.199996948 883.159973145 227.949996948
pedestrian 1074.52001953 143.970001221 1119.09997559 232.919998169
pedestrian 1110.4699707 130.649993896 1158.43005371 233.029998779
pedestrian 1094.83996582 150.419998169 1128.42004395 234.309997559
cyclist 823.450012207 145.960006714 890.849975586 246.13999939
