car 570.780029297 178.929992676 604.570007324 209.729995728
car 0.0 200.020004272 152.690002441 333.0
car 0.0 204.649993896 388.899993896 375.0
car 197.020004272 187.649993896 342.149993896 258.700012207
car 305.769989014 187.619995117 386.559997559 232.13999939
car 393.679992676 187.75 483.089996338 240.470001221
car 514.799987793 183.169998169 543.809997559 206.320007324
car 0.0 195.699996948 100.879997253 268.450012207
car 101.540000916 181.339996338 242.050003052 242.309997559
car 301.079986572 181.479995728 373.369995117 221.029998779
