car 696.75 184.660003662 804.049987793 257.920013428
car 252.38999939 178.910003662 449.850006104 307.040008545
car 640.390014648 176.259994507 679.549987793 205.729995728
car 0.0 184.63999939 221.61000061 296.829986572
car 405.089996338 180.699996948 504.5 246.399993896
car 280.239990234 184.380004883 381.040008545 237.25
car 374.589996338 183.729995728 435.929992676 220.240005493
car 512.789978027 180.320007324 546.929992676 204.839996338
car 529.690002441 178.25 555.619995117 198.210006714
car 587.630004883 176.589996338 614.359985352 201.679992676
car 619.460021973 177.13999939 633.640014648 191.520004272
