car 971.549987793 109.0 1241.0 374.0
car 306.649993896 181.270004272 436.670013428 268.279998779
car 296.140014648 173.880004883 516.66998291 314.399993896
car 844.650024414 141.690002441 1011.13000488 202.529998779
car 999.700012207 144.050003052 1082.25 185.5
car 1041.19995117 147.300003052 1134.82995605 184.899993896
car 445.329986572 182.880004883 506.329986572 223.720001221
car 391.480010986 182.589996338 482.720001221 241.580001831
car 667.859985352 171.979995728 717.690002441 207.029998779
car 606.130004883 177.559997559 640.460021973 204.399993896
car 574.450012207 170.36000061 612.739990234 185.949996948
