car 987.33001709 189.539993286 1241.0 374.0
car 0.0 214.970001221 197.029998779 374.0
car 430.630004883 188.449996948 485.450012207 226.369995117
car 650.530029297 174.550003052 695.900024414 209.690002441
car 458.420013428 186.279998779 505.309997559 216.880004883
car 489.589996338 179.449996948 526.619995117 209.940002441
car 66.4100036621 204.449996948 153.770004272 236.539993286
car 118.769996643 202.559997559 197.300003052 233.740005493
car 159.729995728 198.13999939 243.169998169 231.880004883
car 216.309997559 198.789993286 289.440002441 232.429992676
