car 591.770019531 176.089996338 637.429992676 219.289993286
car 952.229980469 154.479995728 1241.0 374.0
car 841.530029297 176.0 1080.97998047 317.739990234
car 762.940002441 177.509994507 966.229980469 270.679992676
car 482.75 179.0 516.989990234 200.550003052
car 257.690002441 188.830001831 383.910003662 259.730010986
car 686.0 172.160003662 804.489990234 221.449996948
car 660.989990234 174.039993286 749.869995117 209.559997559
car 430.540008545 174.36000061 469.579986572 199.25
car 452.339996338 175.850006104 484.149993896 197.190002441
car 500.739990234 175.61000061 523.140014648 189.179992676
car 408.739990234 176.429992676 433.720001221 195.009994507
