car 796.849975586 184.160003662 1241.0 374.0
car 258.920013428 201.75 435.769989014 307.549987793
car 683.789978027 181.029998779 782.859985352 255.449996948
car 407.040008545 183.36000061 498.75 248.850006104
car 486.829986572 183.190002441 530.450012207 218.86000061
car 518.099975586 184.210006714 548.859985352 206.399993896
car 632.260009766 178.169998169 651.400024414 193.910003662
car 648.450012207 175.539993286 695.700012207 214.559997559
cyclist 569.369995117 177.970001221 578.41998291 200.11000061
cyclist 580.969970703 176.990005493 589.520019531 197.880004883
