car 437.570007324 169.940002441 523.880004883 229.649993896
car 1025.88000488 145.880004883 1135.91003418 178.289993286
pedestrian 521.940002441 157.649993896 545.859985352 206.350006104
pedestrian 415.399993896 158.740005493 438.660003662 211.919998169
pedestrian 366.279998779 166.949996948 390.010009766 217.199996948
pedestrian 444.390014648 161.61000061 457.279998779 214.36000061
cyclist 847.940002441 145.11000061 909.210021973 199.190002441
cyclist 783.929992676 149.029998779 834.960021973 197.089996338
cyclist 657.820007324 156.130004883 694.140014648 189.880004883
cyclist 300.230010986 170.5 360.609985352 225.710006714
