car 522.770019531 163.070007324 559.190002441 199.800003052
car 397.690002441 154.350006104 485.089996338 226.649993896
pedestrian 732.039978027 161.169998169 794.039978027 332.299987793
pedestrian 819.929992676 155.449996948 884.599975586 327.730010986
pedestrian 288.149993896 165.690002441 338.480010986 280.339996338
pedestrian 632.070007324 165.690002441 661.070007324 241.839996338
pedestrian 814.799987793 154.770004272 870.130004883 268.850006104
pedestrian 1071.70996094 141.080001831 1148.36999512 310.429992676
pedestrian 1041.61999512 146.910003662 1091.61999512 279.679992676
pedestrian 399.059997559 170.300003052 431.720001221 257.709991455
pedestrian 371.760009766 167.11000061 398.420013428 256.359985352
pedestrian 1108.45996094 138.919998169 1180.79003906 284.600006104
