car 582.179992676 180.440002441 620.91998291 215.800003052
car 26.9500007629 190.940002441 398.790008545 375.0
car 34.5999984741 188.399993896 272.829986572 290.940002441
car 325.399993896 187.88999939 416.140014648 237.470001221
car 440.140014648 188.240005493 528.380004883 247.0
car 405.880004883 182.220001221 463.570007324 217.11000061
car 488.600006104 184.429992676 535.710021973 215.550003052
car 0.0 186.61000061 147.75 274.859985352
car 119.339996338 186.88999939 259.119995117 245.009994507
car 293.799987793 187.220001221 362.799987793 220.369995117
