car 735.969970703 172.11000061 932.010009766 321.070007324
car 0.0 183.339996338 288.829986572 336.269989014
car 47.6899986267 176.369995117 355.170013428 292.519989014
car 128.440002441 160.990005493 354.950012207 274.859985352
car 202.699996948 183.479995728 384.730010986 253.11000061
car 305.390014648 182.119995117 460.709991455 240.990005493
car 345.649993896 180.029998779 485.799987793 236.11000061
car 366.589996338 174.089996338 476.649993896 228.059997559
car 367.859985352 172.919998169 501.739990234 222.070007324
car 415.450012207 177.669998169 510.0 215.13999939
car 443.029998779 166.029998779 526.66998291 204.929992676
car 667.559997559 182.729995728 726.229980469 229.660003662
car 714.869995117 171.289993286 822.989990234 215.839996338
car 629.979980469 177.509994507 654.349975586 196.210006714
cyclist 573.869995117 174.070007324 581.400024414 193.559997559
