car 1059.02001953 197.520004272 1241.0 374.0
car 0.0 180.369995117 246.13999939 342.470001221
car 639.020019531 184.509994507 675.030029297 210.630004883
car 425.279998779 178.559997559 524.539978027 214.75
car 719.25 183.380004883 843.200012207 229.589996338
car 290.869995117 171.529998779 460.230010986 240.880004883
car 224.910003662 183.710006714 440.359985352 261.869995117
car 0.0 185.309997559 359.809997559 308.769989014
car 820.760009766 183.850006104 1018.36999512 263.850006104
car 861.239990234 190.660003662 1098.81005859 277.480010986
