car 165.899993896 199.009994507 422.899993896 342.890014648
car 0.0 201.080001831 240.25 374.0
car 795.630004883 166.960006714 948.809997559 252.169998169
car 377.290008545 185.38999939 497.420013428 267.119995117
car 467.609985352 186.440002441 537.630004883 238.690002441
car 495.079986572 185.809997559 552.849975586 228.619995117
car 661.260009766 178.759994507 715.679992676 225.279998779
car 772.489990234 162.899993896 953.299987793 223.0
car 676.640014648 180.229995728 738.969970703 218.179992676
car 712.200012207 174.710006714 776.83001709 210.080001831
car 690.289978027 169.36000061 730.030029297 182.38999939
