car 208.479995728 181.029998779 456.190002441 329.940002441
car 1087.15002441 149.699996948 1223.0 188.300003052
pedestrian 596.979980469 153.179992676 643.289978027 236.550003052
pedestrian 394.399993896 155.720001221 428.660003662 252.020004272
pedestrian 149.419998169 177.660003662 182.550003052 246.429992676
pedestrian 127.589996338 181.339996338 156.199996948 248.350006104
pedestrian 125.61000061 178.149993896 162.350006104 248.880004883
pedestrian 67.1699981689 172.619995117 117.870002747 262.350006104
pedestrian 233.13999939 162.880004883 259.989990234 248.910003662
cyclist 1188.68994141 129.050003052 1223.0 208.119995117
cyclist 895.599975586 150.100006104 946.020019531 194.270004272
cyclist 896.039978027 147.619995117 926.119995117 200.029998779
cyclist 298.399993896 166.919998169 391.339996338 252.190002441
