car 548.200012207 182.929992676 569.840026855 201.080001831
car 0.0 194.75 96.6100006104 375.0
car 609.039978027 181.169998169 718.239990234 263.5
car 153.600006104 194.130004883 340.869995117 294.420013428
car 307.589996338 189.179992676 407.670013428 250.88999939
car 504.010009766 181.229995728 551.66998291 225.960006714
car 363.709991455 184.429992676 430.850006104 226.970001221
car 264.119995117 185.029998779 345.640014648 227.550003052
car 419.369995117 183.839996338 458.589996338 212.190002441
car 436.839996338 182.910003662 467.529998779 205.910003662
