car 661.369995117 180.580001831 728.140014648 232.800003052
car 94.4400024414 203.11000061 391.339996338 373.890014648
car 849.789978027 166.449996948 1086.82995605 235.350006104
car 818.940002441 148.86000061 1004.66998291 223.190002441
car 414.299987793 183.88999939 478.140014648 229.86000061
car 279.140014648 194.229995728 400.630004883 265.170013428
car 766.219970703 164.479995728 900.91998291 212.520004272
car 470.450012207 184.259994507 512.690002441 214.429992676
car 1049.30004883 152.350006104 1174.22998047 193.199996948
car 1006.04998779 157.080001831 1124.05004883 190.220001221
