car 0.0 217.86000061 140.630004883 374.0
car 765.030029297 189.770004272 1217.32995605 374.0
car 35.7799987793 197.649993896 414.720001221 374.0
car 323.019989014 187.270004272 459.720001221 283.040008545
car 408.970001221 185.309997559 506.720001221 250.380004883
car 717.239990234 179.490005493 878.030029297 279.869995117
car 696.020019531 175.63999939 783.549987793 240.869995117
car 910.320007324 154.86000061 1048.43994141 216.009994507
car 641.460021973 176.479995728 683.299987793 205.509994507
car 595.659973145 177.88999939 629.349975586 197.100006104
car 559.590026855 174.570007324 598.940002441 191.270004272
cyclist 510.649993896 173.929992676 529.549987793 193.960006714
