car 595.5 175.470001221 638.840026855 216.449996948
car 1202.23999023 161.820007324 1241.0 374.0
car 909.460021973 169.38999939 1213.17004395 358.429992676
car 778.289978027 176.320007324 999.309997559 290.380004883
car 728.090026855 169.410003662 897.570007324 261.559997559
car 709.440002441 173.88999939 859.799987793 240.580001831
car 691.900024414 169.690002441 821.140014648 229.039993286
car 679.630004883 174.559997559 778.559997559 212.559997559
car 504.450012207 181.509994507 532.780029297 202.149993896
car 659.099975586 173.559997559 732.469970703 202.220001221
car 645.58001709 174.630004883 705.890014648 197.449996948
car 478.899993896 175.720001221 506.059997559 194.570007324
car 457.290008545 177.13999939 475.320007324 191.729995728
