car 593.090026855 174.160003662 644.450012207 222.740005493
car 144.13999939 195.130004883 331.690002441 285.720001221
car 834.260009766 167.25 1108.97998047 320.029998779
car 719.5 173.419998169 884.520019531 247.149993896
car 711.520019531 173.300003052 842.510009766 233.229995728
car 706.299987793 168.039993286 814.809997559 222.039993286
car 654.479980469 172.460006714 730.239990234 202.850006104
car 644.390014648 172.86000061 695.820007324 193.809997559
car 360.089996338 176.119995117 422.299987793 211.960006714
car 402.5 177.979995728 449.630004883 207.169998169
car 435.5 180.940002441 472.160003662 201.580001831
car 481.850006104 177.289993286 511.720001221 194.0
car 344.380004883 178.5 382.420013428 203.63999939
car 69.4400024414 180.070007324 112.190002441 209.149993896
