car 576.760009766 174.190002441 653.140014648 243.759994507
car 0.0 196.529998779 54.7000007629 325.279998779
car 0.0 183.020004272 317.799987793 375.0
car 180.220001221 187.490005493 327.429992676 255.210006714
car 351.309997559 180.949996948 471.989990234 259.950012207
car 455.390014648 182.830001831 512.270019531 221.309997559
car 495.0 179.690002441 539.099975586 210.419998169
car 185.279998779 184.669998169 300.160003662 232.779998779
car 278.390014648 183.330001831 349.170013428 219.729995728
car 632.390014648 180.270004272 651.460021973 195.270004272
