car 907.549987793 189.669998169 1241.0 374.0
car 138.0 208.169998169 394.519989014 354.630004883
car 699.770019531 182.679992676 826.679992676 275.630004883
car 375.630004883 185.550003052 485.700012207 262.380004883
car 477.029998779 185.059997559 525.729980469 224.199996948
car 513.940002441 185.759994507 546.799987793 209.479995728
car 634.479980469 180.63999939 654.390014648 197.059997559
car 653.450012207 178.529998779 706.16998291 221.699996948
cyclist 567.690002441 179.820007324 577.510009766 203.759994507
cyclist 579.559997559 179.88999939 588.820007324 202.460006714
