car 316.149993896 153.470001221 379.299987793 201.820007324
car 361.420013428 163.649993896 423.700012207 199.100006104
car 416.769989014 163.740005493 489.059997559 194.130004883
car 616.320007324 162.75 667.83001709 187.690002441
car 658.16998291 160.119995117 712.349975586 186.399993896
car 687.989990234 165.800003052 747.679992676 186.350006104
car 725.239990234 165.960006714 768.969970703 186.600006104
car 746.16998291 166.710006714 795.83001709 186.190002441
car 767.909973145 164.869995117 825.58001709 185.0
car 835.539978027 162.220001221 888.659973145 181.029998779
car 858.530029297 163.220001221 904.780029297 180.369995117
pedestrian 350.940002441 161.309997559 369.350006104 203.88999939
