car 0.0 170.11000061 342.380004883 309.369995117
car 757.260009766 186.460006714 1090.41003418 374.0
car 877.549987793 179.130004883 1117.91003418 269.739990234
car 774.570007324 177.179992676 996.109985352 246.089996338
car 273.880004883 168.580001831 453.690002441 231.789993286
car 635.690002441 173.630004883 662.640014648 193.429992676
car 473.559997559 168.649993896 546.489990234 195.5
car 689.950012207 172.63999939 773.559997559 204.11000061
car 397.010009766 170.520004272 513.969970703 214.009994507
car 736.070007324 171.740005493 843.409973145 216.229995728
