car 865.659973145 182.539993286 1241.0 374.0
car 430.209991455 164.869995117 546.809997559 271.660003662
car 0.0 211.460006714 321.579986572 374.0
car 721.880004883 184.630004883 821.33001709 246.5
car 774.349975586 186.929992676 939.190002441 293.630004883
car 558.349975586 176.619995117 592.549987793 208.63999939
car 492.489990234 179.88999939 565.200012207 238.949996948
car 715.859985352 182.75 781.770019531 233.179992676
car 696.599975586 180.289993286 747.719970703 217.729995728
car 683.469970703 178.779998779 726.690002441 211.220001221
