car 286.769989014 202.490005493 457.470001221 323.130004883
car 812.340026855 201.449996948 1211.64001465 374.0
car 708.599975586 189.220001221 885.950012207 312.799987793
car 668.369995117 195.570007324 776.440002441 270.269989014
car 393.809997559 203.710006714 499.529998779 275.790008545
car 442.209991455 197.970001221 505.600006104 250.009994507
car 473.529998779 201.160003662 528.179992676 243.309997559
car 659.08001709 194.399993896 731.950012207 248.75
car 653.140014648 192.789993286 704.159973145 234.509994507
car 812.780029297 176.690002441 903.070007324 219.570007324
cyclist 545.390014648 192.940002441 559.280029297 209.100006104
