car 0.0 182.479995728 192.029998779 374.0
car 0.0 180.949996948 215.699996948 324.660003662
car 33.8100013733 190.740005493 341.700012207 302.75
car 105.650001526 180.240005493 378.820007324 270.339996338
car 246.070007324 182.740005493 425.010009766 254.020004272
car 279.579986572 172.100006104 453.089996338 249.770004272
car 878.299987793 216.529998779 1241.0 374.0
car 931.179992676 177.270004272 1241.0 327.579986572
car 870.719970703 186.289993286 1146.97998047 294.820007324
car 816.030029297 193.75 1018.94000244 276.25
car 801.289978027 187.380004883 949.159973145 257.510009766
car 751.210021973 190.729995728 920.940002441 255.289993286
car 723.869995117 192.600006104 877.590026855 243.929992676
car 723.710021973 182.369995117 849.450012207 237.669998169
car 399.420013428 189.149993896 507.579986572 225.380004883
car 427.649993896 191.119995117 520.0 224.210006714
car 634.309997559 189.710006714 673.229980469 219.729995728
car 624.200012207 187.38999939 648.16998291 208.289993286
cyclist 533.140014648 188.149993896 548.710021973 225.13999939
