car 574.059997559 188.880004883 633.799987793 238.710006714
car 142.550003052 188.089996338 331.730010986 294.100006104
car 306.5 204.320007324 510.640014648 331.600006104
car 426.179992676 190.800003052 524.539978027 273.980010986
car 463.160003662 190.13999939 538.590026855 247.690002441
car 352.739990234 187.570007324 462.140014648 237.300003052
car 538.08001709 186.279998779 568.549987793 209.970001221
car 803.130004883 200.009994507 1241.0 374.0
car 718.570007324 201.029998779 922.049987793 328.369995117
car 687.429992676 183.910003662 786.320007324 262.720001221
car 634.700012207 187.820007324 675.780029297 219.720001221
car 241.690002441 187.350006104 316.589996338 219.059997559
car 578.549987793 184.5 616.049987793 219.179992676
car 90.9899978638 185.089996338 206.789993286 230.179992676
pedestrian 1182.56994629 195.600006104 1241.0 374.0
