car 0.0 176.100006104 246.179992676 366.5
car 0.0 177.229995728 254.330001831 306.059997559
car 85.5 188.839996338 362.75 290.640014648
car 141.75 179.25 394.190002441 263.029998779
car 267.429992676 177.490005493 435.700012207 244.710006714
car 296.730010986 166.88999939 461.339996338 240.86000061
car 838.190002441 208.089996338 1241.0 374.0
car 903.440002441 177.880004883 1241.0 312.839996338
car 852.16998291 184.119995117 1102.31005859 283.429992676
car 804.030029297 189.940002441 992.109985352 266.579986572
car 792.5 183.119995117 931.299987793 248.789993286
car 745.33001709 185.009994507 906.140014648 245.740005493
car 720.960021973 187.710006714 867.940002441 236.399993896
car 720.619995117 177.550003052 841.270019531 230.550003052
car 406.459991455 183.699996948 511.029998779 218.490005493
car 433.910003662 184.979995728 523.530029297 216.869995117
car 634.33001709 184.490005493 672.099975586 213.11000061
car 625.630004883 182.779998779 649.190002441 203.0
cyclist 536.929992676 183.830001831 551.75 219.039993286
