car 0.0 198.330001831 264.089996338 374.0
car 177.100006104 187.050003052 436.940002441 330.350006104
car 1110.66003418 145.179992676 1241.0 246.899993896
car 961.530029297 161.63999939 1106.26000977 241.179992676
car 893.099975586 163.130004883 1014.36999512 231.259994507
car 858.849975586 165.210006714 977.479980469 221.949996948
car 826.969970703 164.910003662 940.440002441 217.190002441
car 800.400024414 170.479995728 912.770019531 213.270004272
car 691.58001709 174.210006714 794.109985352 253.940002441
car 677.090026855 181.919998169 743.890014648 230.669998169
car 440.070007324 177.0 527.729980469 237.449996948
car 732.099975586 165.690002441 814.570007324 201.830001831
