car 0.0 210.850006104 109.470001221 374.0
car 281.579986572 190.059997559 417.690002441 270.320007324
car 374.089996338 187.740005493 462.070007324 241.559997559
car 423.890014648 186.130004883 485.25 229.050003052
car 457.049987793 184.520004272 509.109985352 218.619995117
car 793.099975586 153.369995117 909.460021973 197.679992676
car 764.599975586 155.869995117 850.159973145 194.160003662
car 1143.32995605 130.669998169 1241.0 173.559997559
car 1095.5 134.020004272 1238.55004883 176.660003662
car 1062.38000488 139.460006714 1200.25 175.380004883
car 1034.2800293 140.220001221 1160.30004883 174.440002441
car 492.320007324 181.830001831 534.130004883 209.279998779
car 665.840026855 171.850006104 708.390014648 204.979995728
