car 788.729980469 184.179992676 1031.40002441 322.700012207
car 524.659973145 174.770004272 606.33001709 204.660003662
car 742.679992676 166.75 819.429992676 195.119995117
car 923.700012207 164.13999939 1019.39001465 191.009994507
car 420.109985352 177.690002441 485.130004883 205.789993286
car 231.339996338 182.210006714 296.869995117 209.710006714
car 582.0 173.809997559 605.08001709 189.539993286
car 543.469970703 175.61000061 570.549987793 191.770004272
pedestrian 464.549987793 170.330001831 478.549987793 220.679992676
cyclist 874.75 169.759994507 957.359985352 232.479995728
