car 0.0 190.410003662 144.619995117 330.640014648
pedestrian 735.869995117 150.789993286 779.0 268.100006104
pedestrian 683.159973145 140.470001221 735.950012207 270.690002441
pedestrian 745.469970703 147.089996338 781.359985352 250.38999939
pedestrian 1138.35998535 135.429992676 1156.61999512 181.619995117
pedestrian 1159.7199707 139.380004883 1178.0300293 179.880004883
pedestrian 1134.35998535 139.929992676 1152.31005859 184.970001221
cyclist 1173.89001465 119.349998474 1223.0 318.459991455
cyclist 481.619995117 162.050003052 498.589996338 203.520004272
cyclist 315.829986572 160.479995728 356.119995117 236.929992676
cyclist 1203.14001465 137.190002441 1223.0 185.259994507
