car 706.030029297 187.970001221 824.880004883 272.350006104
car 27.9500007629 179.520004272 250.0 283.640014648
car 255.029998779 186.690002441 448.820007324 303.329986572
car 440.149993896 177.619995117 515.609985352 233.550003052
car 655.070007324 179.399993896 713.070007324 222.080001831
car 482.380004883 181.830001831 535.400024414 220.449996948
car 384.519989014 182.630004883 443.239990234 217.660003662
car 438.269989014 181.960006714 479.700012207 208.220001221
car 527.900024414 181.839996338 554.299987793 201.470001221
car 585.609985352 178.399993896 610.570007324 201.830001831
car 628.849975586 179.880004883 652.109985352 200.100006104
car 618.549987793 178.990005493 637.349975586 196.429992676
