car 960.950012207 180.899993896 1069.25 229.100006104
car 1034.27001953 183.179992676 1155.26000977 229.330001831
car 1097.67004395 183.529998779 1223.0 230.259994507
car 601.650024414 171.690002441 637.739990234 199.899993896
pedestrian 334.790008545 159.070007324 352.839996338 197.979995728
pedestrian 436.420013428 164.729995728 452.420013428 193.929992676
pedestrian 331.640014648 155.449996948 339.799987793 187.020004272
pedestrian 355.549987793 154.440002441 365.940002441 188.0
pedestrian 311.290008545 164.160003662 337.859985352 238.11000061
pedestrian 383.709991455 159.429992676 420.109985352 243.5
pedestrian 288.410003662 155.509994507 305.619995117 199.100006104
pedestrian 220.649993896 153.259994507 230.979995728 197.149993896
pedestrian 934.400024414 171.300003052 944.880004883 208.020004272
cyclist 553.33001709 161.210006714 579.109985352 220.789993286
