car 0.0 198.259994507 302.429992676 374.0
car 1151.23999023 215.160003662 1241.0 374.0
car 238.369995117 190.809997559 420.529998779 291.739990234
car 838.369995117 188.119995117 1172.79003906 374.0
car 355.839996338 187.619995117 475.089996338 253.210006714
car 743.280029297 179.270004272 908.710021973 281.040008545
car 495.890014648 179.979995728 542.090026855 212.869995117
car 716.109985352 178.910003662 812.859985352 247.199996948
car 703.320007324 177.210006714 769.909973145 228.070007324
car 687.91998291 177.419998169 744.409973145 217.660003662
