car 586.400024414 183.369995117 641.659973145 228.75
car 32.3499984741 184.88999939 296.730010986 364.679992676
car 195.789993286 180.199996948 412.059997559 297.529998779
car 353.359985352 180.699996948 498.230010986 241.259994507
car 397.950012207 178.229995728 511.359985352 232.089996338
car 440.529998779 179.63999939 530.08001709 217.309997559
car 896.309997559 160.210006714 1241.0 374.0
car 887.260009766 175.830001831 1083.05004883 250.36000061
car 591.940002441 179.399993896 626.400024414 210.839996338
car 0.0 183.800003052 198.559997559 288.290008545
car 192.410003662 172.229995728 290.890014648 216.36000061
pedestrian 732.059997559 179.460006714 758.390014648 241.520004272
