car 747.909973145 156.589996338 989.140014648 241.729995728
car 1076.45996094 147.289993286 1203.9699707 185.509994507
car 1043.43994141 150.520004272 1165.30004883 186.13999939
car 1011.17999268 150.229995728 1131.18994141 185.61000061
car 427.279998779 181.63999939 491.890014648 231.050003052
car 518.880004883 177.490005493 568.440002441 216.210006714
car 766.049987793 155.690002441 876.400024414 197.61000061
car 899.190002441 152.559997559 954.159973145 183.589996338
car 933.599975586 154.679992676 994.099975586 182.869995117
car 457.029998779 182.509994507 512.450012207 221.029998779
car 642.989990234 173.529998779 681.609985352 199.899993896
car 597.880004883 178.080001831 624.969970703 199.729995728
