car 598.510009766 178.960006714 622.400024414 201.690002441
car 901.909973145 187.820007324 1241.0 374.0
car 529.729980469 182.259994507 568.820007324 214.050003052
car 719.309997559 182.770004272 850.909973145 277.029998779
car 681.530029297 176.059997559 778.0 250.720001221
car 672.66998291 173.630004883 737.070007324 234.020004272
car 651.83001709 178.88999939 699.390014648 215.929992676
car 638.039978027 176.830001831 665.059997559 201.039993286
car 408.619995117 182.960006714 468.339996338 205.279998779
car 326.690002441 183.330001831 393.980010986 206.61000061
pedestrian 755.590026855 161.630004883 774.590026855 222.869995117
