car 701.270019531 177.100006104 845.429992676 278.190002441
car 60.0 186.160003662 277.519989014 263.570007324
car 845.049987793 187.600006104 1241.0 374.0
car 681.900024414 173.990005493 763.479980469 239.509994507
car 397.790008545 184.949996948 488.420013428 246.25
car 447.339996338 175.36000061 513.590026855 229.679992676
car 656.659973145 175.589996338 710.359985352 218.979995728
car 1161.40002441 213.979995728 1241.0 374.0
car 487.450012207 177.080001831 537.109985352 219.720001221
car 535.280029297 178.559997559 559.179992676 193.940002441
