car 973.890014648 196.13999939 1241.0 374.0
car 82.1900024414 210.229995728 378.489990234 374.0
car 705.83001709 183.059997559 845.520019531 284.309997559
car 362.390014648 186.350006104 480.350006104 267.920013428
car 473.359985352 185.75 523.979980469 226.210006714
car 512.440002441 186.320007324 546.059997559 210.589996338
car 635.119995117 180.740005493 655.309997559 197.38999939
car 655.200012207 177.470001221 709.760009766 222.020004272
cyclist 566.369995117 178.779998779 576.510009766 203.399993896
cyclist 578.340026855 179.119995117 587.880004883 202.309997559
