car 587.270019531 175.339996338 666.880004883 250.559997559
car 711.070007324 170.350006104 860.119995117 238.490005493
car 670.909973145 171.169998169 749.900024414 204.509994507
car 656.559997559 174.330001831 709.460021973 199.020004272
car 19.8700008392 176.720001221 227.800003052 262.119995117
car 209.990005493 180.949996948 324.799987793 238.009994507
car 315.130004883 187.419998169 389.829986572 223.699996948
car 428.440002441 180.38999939 474.170013428 204.61000061
car 454.910003662 174.880004883 487.929992676 201.0
car 486.790008545 174.679992676 519.179992676 193.419998169
car 526.950012207 177.210006714 558.320007324 191.369995117
car 1104.35998535 181.589996338 1241.0 221.169998169
car 133.979995728 180.729995728 223.339996338 226.300003052
