car 0.0 207.029998779 279.089996338 374.0
car 1038.66003418 186.380004883 1241.0 374.0
car 788.090026855 178.899993896 1104.22998047 372.579986572
car 232.289993286 192.839996338 386.570007324 284.170013428
car 703.739990234 181.119995117 806.799987793 248.210006714
car 390.459991455 185.830001831 480.130004883 237.830001831
car 677.880004883 181.880004883 753.619995117 231.619995117
car 482.119995117 179.199996948 522.450012207 210.470001221
car 658.320007324 178.809997559 707.469970703 215.199996948
car 519.049987793 175.729995728 572.710021973 193.550003052
