car 596.270019531 182.320007324 659.58001709 234.059997559
car 0.0 178.800003052 161.089996338 374.0
car 36.6300010681 182.619995117 376.290008545 354.160003662
car 344.540008545 178.929992676 498.269989014 260.790008545
car 376.730010986 175.210006714 499.829986572 237.910003662
car 465.420013428 176.050003052 560.900024414 213.779998779
car 801.770019531 192.089996338 1042.38000488 320.779998779
car 733.049987793 171.830001831 851.539978027 251.630004883
car 692.309997559 179.410003662 744.75 215.460006714
car 683.130004883 171.740005493 731.890014648 209.929992676
car 605.760009766 174.149993896 643.469970703 208.160003662
car 11.2700004578 164.830001831 182.539993286 223.720001221
pedestrian 710.66998291 178.75 740.66998291 241.13999939
