car 812.409973145 176.279998779 1241.0 374.0
car 0.0 201.020004272 298.559997559 374.0
car 234.770004272 171.410003662 421.839996338 297.140014648
car 705.25 172.5 831.869995117 262.779998779
car 376.760009766 175.039993286 483.040008545 254.449996948
car 678.229980469 172.440002441 767.809997559 230.710006714
car 625.099975586 172.710006714 652.770019531 194.759994507
car 513.820007324 176.830001831 542.789978027 196.350006104
car 605.469970703 170.309997559 638.630004883 192.740005493
car 581.960021973 174.059997559 607.320007324 190.270004272
