car 1095.58996582 184.949996948 1223.0 236.320007324
car 1032.13000488 183.830001831 1157.42004395 232.600006104
car 952.690002441 181.869995117 1068.66003418 234.419998169
car 602.539978027 172.479995728 636.719970703 202.800003052
pedestrian 1107.43994141 153.570007324 1189.77001953 348.480010986
pedestrian 1130.15002441 167.86000061 1185.41003418 334.070007324
pedestrian 701.070007324 155.199996948 767.400024414 297.149993896
pedestrian 262.410003662 156.119995117 284.410003662 231.38999939
pedestrian 319.429992676 155.979995728 349.100006104 228.839996338
pedestrian 337.769989014 159.050003052 356.440002441 235.160003662
pedestrian 361.540008545 157.720001221 399.209991455 255.070007324
pedestrian 411.850006104 161.320007324 451.190002441 247.179992676
pedestrian 240.339996338 155.11000061 275.670013428 243.720001221
pedestrian 285.429992676 157.490005493 319.769989014 243.470001221
pedestrian 320.339996338 164.630004883 350.010009766 241.520004272
pedestrian 278.25 158.839996338 322.010009766 236.229995728
