car 714.109985352 187.279998779 841.549987793 279.459991455
car 113.760002136 179.369995117 291.940002441 267.760009766
car 264.239990234 186.339996338 452.670013428 300.130004883
car 446.540008545 178.190002441 518.280029297 232.470001221
car 660.119995117 179.419998169 721.41998291 225.740005493
car 483.440002441 180.509994507 536.25 218.190002441
car 389.269989014 182.190002441 446.730010986 216.570007324
car 440.010009766 179.960006714 478.950012207 205.630004883
car 528.570007324 180.830001831 555.0 200.25
car 586.059997559 177.300003052 612.390014648 202.009994507
car 636.049987793 179.380004883 663.010009766 201.570007324
car 621.219970703 177.910003662 641.070007324 196.630004883
