car 0.0 196.220001221 148.320007324 358.839996338
car 12.470000267 190.490005493 335.589996338 306.929992676
car 144.839996338 184.009994507 403.839996338 283.799987793
car 224.279998779 178.479995728 409.869995117 266.209991455
car 243.009994507 178.740005493 454.029998779 254.5
car 287.079986572 178.539993286 429.75 240.809997559
car 335.079986572 180.729995728 472.980010986 234.059997559
car 340.410003662 180.070007324 482.959991455 229.080001831
car 395.170013428 176.320007324 500.239990234 219.929992676
car 403.709991455 166.880004883 512.5 217.039993286
car 704.969970703 186.779998779 813.020019531 267.239990234
car 768.190002441 175.210006714 932.900024414 240.619995117
car 696.690002441 174.940002441 782.33001709 213.070007324
car 636.659973145 181.020004272 666.08001709 203.309997559
cyclist 565.789978027 177.36000061 575.599975586 201.970001221
