car 0.0 198.75 169.660003662 374.0
car 0.0 184.38999939 309.730010986 335.320007324
car 68.8899993896 177.369995117 337.630004883 299.869995117
car 122.050003052 177.309997559 406.320007324 277.369995117
car 203.63999939 177.089996338 388.609985352 256.029998779
car 270.369995117 182.580001831 443.149993896 248.419998169
car 284.589996338 177.089996338 457.399993896 235.919998169
car 356.549987793 173.25 480.299987793 223.970001221
car 372.339996338 164.86000061 498.200012207 222.470001221
car 733.190002441 190.199996948 899.309997559 306.540008545
car 801.530029297 173.949996948 1014.0 256.410003662
car 703.25 181.699996948 819.219970703 219.940002441
car 705.789978027 172.789993286 802.840026855 215.759994507
car 442.369995117 178.949996948 530.010009766 208.179992676
car 636.469970703 178.960006714 668.760009766 203.259994507
cyclist 556.989990234 178.350006104 568.320007324 206.270004272
