car 594.380004883 177.990005493 636.849975586 218.149993896
car 0.0 194.789993286 118.040000916 285.029998779
car 90.5999984741 183.839996338 264.609985352 257.019989014
car 761.760009766 171.779998779 929.489990234 262.350006104
car 734.739990234 174.210006714 887.219970703 244.330001831
car 691.679992676 178.619995117 818.030029297 233.369995117
car 678.460021973 174.580001831 785.989990234 226.220001221
car 675.340026855 175.399993896 774.650024414 216.839996338
car 664.789978027 173.75 753.719970703 213.5
car 535.229980469 180.320007324 554.219970703 194.699996948
car 641.83001709 176.699996948 692.08001709 195.539993286
car 497.619995117 178.460006714 520.340026855 194.800003052
