car 591.179992676 174.910003662 638.099975586 219.289993286
car 1144.94995117 176.169998169 1241.0 374.0
car 873.08001709 178.839996338 1172.56005859 350.670013428
car 442.149993896 183.350006104 490.299987793 212.600006104
car 0.0 210.220001221 70.7699966431 365.279998779
car 708.690002441 170.520004272 854.609985352 234.339996338
car 670.719970703 174.440002441 777.469970703 217.649993896
car 410.920013428 177.039993286 455.920013428 204.880004883
car 437.980010986 175.0 473.859985352 198.460006714
car 494.790008545 177.830001831 519.030029297 192.320007324
car 389.790008545 177.820007324 418.100006104 198.259994507
car 170.509994507 180.369995117 208.660003662 203.449996948
