car 0.0 133.13999939 166.979995728 366.230010986
car 1025.66003418 185.070007324 1241.0 374.0
car 866.359985352 188.38999939 1241.0 328.279998779
car 837.690002441 163.830001831 1144.11999512 291.540008545
car 222.669998169 183.11000061 421.589996338 246.589996338
car 288.130004883 183.369995117 448.089996338 238.229995728
car 631.690002441 182.13999939 695.210021973 228.850006104
car 419.209991455 177.300003052 501.510009766 209.490005493
car 616.909973145 177.509994507 649.58001709 205.229995728
cyclist 404.0 182.229995728 455.369995117 276.029998779
