car 0.0 211.910003662 332.910003662 374.0
car 866.469970703 196.309997559 1241.0 374.0
car 724.91998291 196.300003052 969.979980469 345.149993896
car 235.720001221 204.490005493 460.839996338 337.070007324
car 385.079986572 199.550003052 486.720001221 278.339996338
car 441.869995117 198.089996338 520.849975586 255.460006714
car 698.059997559 190.059997559 817.460021973 271.309997559
car 683.91998291 188.699996948 757.270019531 245.679992676
car 881.770019531 166.940002441 1002.2800293 221.309997559
car 640.969970703 189.279998779 679.929992676 216.88999939
car 597.820007324 191.289993286 629.299987793 210.13999939
car 563.599975586 189.770004272 601.309997559 206.36000061
cyclist 526.760009766 188.88999939 540.83001709 207.669998169
