car 585.91998291 179.820007324 642.41998291 225.419998169
car 0.0 121.120002747 131.800003052 374.0
car 224.600006104 182.740005493 421.769989014 283.350006104
car 316.549987793 164.630004883 483.119995117 259.410003662
car 398.619995117 181.369995117 523.210021973 231.520004272
car 416.75 178.070007324 526.900024414 223.070007324
car 460.559997559 178.910003662 538.390014648 210.729995728
car 485.429992676 175.300003052 553.380004883 203.820007324
car 655.969970703 178.0 687.760009766 203.0
car 588.41998291 174.960006714 624.369995117 206.779998779
car 0.0 186.75 201.220001221 287.940002441
car 55.4000015259 179.270004272 212.100006104 233.369995117
car 195.979995728 172.770004272 285.369995117 217.800003052
