car 592.880004883 176.330001831 637.789978027 218.809997559
car 898.989990234 179.330001831 1241.0 374.0
car 797.630004883 163.839996338 1052.55004883 311.730010986
car 767.440002441 176.720001221 942.380004883 268.690002441
car 723.030029297 176.440002441 882.859985352 243.949996948
car 505.630004883 179.020004272 532.820007324 196.820007324
car 388.899993896 185.070007324 458.940002441 228.630004883
car 675.359985352 173.979995728 777.820007324 215.649993896
car 655.969970703 174.86000061 735.719970703 205.960006714
car 445.640014648 176.449996948 480.850006104 199.479995728
car 465.459991455 175.710006714 494.459991455 195.669998169
car 424.040008545 178.149993896 446.730010986 195.470001221
