car 0.0 177.169998169 182.949996948 352.660003662
car 0.0 145.61000061 285.940002441 310.160003662
car 1071.47998047 188.699996948 1241.0 374.0
car 896.840026855 183.949996948 1241.0 333.850006104
car 805.849975586 186.869995117 1117.58996582 288.130004883
car 791.640014648 168.839996338 1024.69995117 267.910003662
car 276.269989014 182.830001831 445.329986572 237.380004883
car 327.679992676 181.619995117 466.089996338 229.399993896
car 631.119995117 180.940002441 687.039978027 222.080001831
car 617.380004883 177.38999939 647.840026855 203.119995117
cyclist 453.559997559 179.789993286 488.320007324 249.490005493
