car 928.320007324 215.059997559 1241.0 374.0
car 714.090026855 168.570007324 863.950012207 286.660003662
car 0.0 179.600006104 345.440002441 300.25
car 138.800003052 174.949996948 391.660003662 272.320007324
car 191.979995728 160.960006714 384.510009766 259.450012207
car 249.369995117 181.779998779 408.570007324 243.36000061
car 334.459991455 179.75 473.619995117 232.729995728
car 368.480010986 178.520004272 495.519989014 229.630004883
car 383.190002441 171.009994507 484.200012207 220.789993286
car 384.760009766 172.330001831 508.489990234 217.899993896
car 451.100006104 161.679992676 530.479980469 198.679992676
car 662.109985352 181.009994507 715.849975586 223.770004272
car 628.039978027 175.369995117 651.469970703 193.419998169
cyclist 573.91998291 170.470001221 581.090026855 189.070007324
