car 591.380004883 174.940002441 638.640014648 219.649993896
car 914.609985352 180.869995117 1241.0 374.0
car 431.100006104 184.009994507 483.160003662 215.429992676
car 714.840026855 170.330001831 867.979980469 238.130004883
car 673.469970703 174.75 784.450012207 219.940002441
car 406.519989014 178.130004883 452.940002441 206.649993896
car 435.109985352 175.100006104 471.890014648 199.039993286
car 493.880004883 178.550003052 518.5 193.229995728
car 385.670013428 177.949996948 414.739990234 198.800003052
car 162.240005493 179.940002441 200.839996338 203.509994507
