car 926.429992676 180.240005493 1241.0 374.0
car 22.8799991608 198.770004272 302.660003662 342.690002441
car 731.859985352 178.520004272 879.880004883 270.609985352
car 329.25 184.559997559 451.559997559 249.589996338
car 691.270019531 178.36000061 789.539978027 240.63999939
car 464.899993896 177.759994507 511.950012207 213.38999939
car 664.349975586 175.779998779 722.729980469 218.309997559
car 657.369995117 176.100006104 704.510009766 211.440002441
car 487.700012207 177.789993286 523.179992676 206.419998169
car 486.920013428 173.309997559 544.890014648 192.470001221
