car 545.340026855 182.839996338 596.210021973 222.559997559
pedestrian 764.559997559 171.509994507 826.219970703 331.140014648
pedestrian 337.410003662 175.669998169 393.410003662 317.279998779
pedestrian 250.940002441 178.449996948 294.940002441 313.040008545
pedestrian 984.090026855 161.470001221 1049.08996582 314.510009766
pedestrian 921.710021973 160.61000061 984.369995117 310.709991455
pedestrian 645.200012207 172.080001831 679.200012207 249.490005493
pedestrian 761.780029297 177.949996948 823.299987793 313.739990234
pedestrian 717.299987793 179.690002441 758.299987793 296.010009766
pedestrian 701.010009766 182.179992676 730.679992676 285.839996338
pedestrian 768.700012207 170.699996948 826.309997559 271.410003662
pedestrian 785.75 166.479995728 831.83001709 248.490005493
