car 588.210021973 174.740005493 678.510009766 260.040008545
car 742.33001709 169.380004883 916.190002441 257.299987793
car 680.859985352 169.080001831 767.5 206.259994507
car 664.91998291 171.75 721.729980469 198.399993896
car 654.479980469 171.649993896 708.140014648 192.789993286
car 0.0 177.880004883 148.630004883 281.0
car 133.600006104 176.009994507 281.149993896 244.36000061
car 278.149993896 185.690002441 367.070007324 226.75
car 415.700012207 177.339996338 466.350006104 203.600006104
car 446.739990234 171.649993896 483.230010986 199.699996948
car 482.369995117 174.070007324 516.700012207 193.850006104
car 525.659973145 174.410003662 558.549987793 189.25
car 1184.18994141 185.809997559 1241.0 231.039993286
car 51.1899986267 182.13999939 164.169998169 235.970001221
