car 0.0 181.419998169 288.399993896 374.0
car 760.280029297 171.910003662 1027.18005371 339.850006104
car 228.25 185.75 424.130004883 316.269989014
car 704.010009766 179.0 841.219970703 265.040008545
car 657.010009766 169.929992676 706.559997559 216.960006714
car 649.260009766 176.940002441 696.609985352 214.5
car 628.16998291 179.559997559 659.75 204.669998169
car 501.239990234 185.220001221 533.08001709 207.61000061
car 604.16998291 176.800003052 641.25 202.020004272
car 578.83001709 180.919998169 606.479980469 198.75
