car 866.260009766 182.38999939 1241.0 374.0
car 674.75 183.229995728 819.369995117 277.220001221
car 289.910003662 195.619995117 404.779998779 269.779998779
car 616.789978027 172.820007324 707.210021973 240.539993286
car 564.130004883 182.089996338 614.179992676 218.190002441
car 411.480010986 189.130004883 449.75 218.779998779
car 542.239990234 184.169998169 576.150024414 211.089996338
pedestrian 406.059997559 177.779998779 416.649993896 206.339996338
pedestrian 398.529998779 179.460006714 409.799987793 208.080001831
cyclist 393.459991455 177.179992676 435.149993896 261.739990234
cyclist 435.640014648 180.309997559 472.880004883 252.039993286
