car 1094.60998535 184.130004883 1223.0 235.410003662
car 1032.43005371 183.910003662 1157.02001953 232.669998169
car 952.849975586 181.75 1068.73999023 234.279998779
car 602.510009766 172.600006104 636.609985352 202.919998169
pedestrian 188.979995728 150.130004883 202.61000061 197.559997559
pedestrian 216.479995728 152.949996948 243.490005493 222.029998779
pedestrian 258.390014648 154.979995728 277.790008545 204.970001221
pedestrian 226.75 152.419998169 246.270004272 203.100006104
pedestrian 479.459991455 158.949996948 524.099975586 277.230010986
pedestrian 505.869995117 153.770004272 582.119995117 266.329986572
pedestrian 567.010009766 153.270004272 624.190002441 279.910003662
pedestrian 877.380004883 146.320007324 959.530029297 334.019989014
pedestrian 886.609985352 151.910003662 966.450012207 318.100006104
pedestrian 653.130004883 155.759994507 729.229980469 332.290008545
pedestrian 678.030029297 152.570007324 731.239990234 317.869995117
pedestrian 729.020019531 160.410003662 791.530029297 302.850006104
pedestrian 520.039978027 155.600006104 569.729980469 292.519989014
cyclist 465.559997559 168.020004272 494.440002441 214.38999939
cyclist 727.900024414 144.88999939 805.469970703 260.529998779
