car 513.049987793 158.88999939 565.869995117 211.559997559
car 376.399993896 149.089996338 476.660003662 229.779998779
pedestrian 692.450012207 153.970001221 757.780029297 310.260009766
pedestrian 763.190002441 144.919998169 827.859985352 301.929992676
pedestrian 205.789993286 165.669998169 254.119995117 281.989990234
pedestrian 608.5 161.5 634.16998291 236.119995117
pedestrian 727.159973145 152.949996948 767.83001709 265.230010986
pedestrian 1101.93005371 128.929992676 1208.93005371 345.739990234
pedestrian 1148.52001953 132.410003662 1216.84997559 303.070007324
pedestrian 272.450012207 166.699996948 336.450012207 297.440002441
pedestrian 219.970001221 165.720001221 262.970001221 303.549987793
pedestrian 1014.57000732 134.369995117 1068.22998047 283.279998779
