car 587.450012207 184.11000061 640.489990234 227.779998779
car 0.0 184.149993896 263.260009766 374.0
car 269.989990234 186.440002441 441.589996338 272.049987793
car 402.790008545 187.080001831 524.989990234 233.630004883
car 514.08001709 172.690002441 571.369995117 200.580001831
car 592.25 177.619995117 626.179992676 208.570007324
car 0.0 183.699996948 132.289993286 237.720001221
car 22.3400001526 183.050003052 259.029998779 280.660003662
car 224.960006714 173.919998169 343.339996338 236.770004272
pedestrian 1056.15002441 159.059997559 1165.81994629 374.0
pedestrian 109.830001831 164.350006104 133.160003662 224.589996338
pedestrian 220.479995728 173.199996948 239.979995728 209.960006714
