car 777.650024414 197.940002441 1110.57995605 374.0
car 0.0 198.320007324 220.75 348.019989014
car 0.0 188.279998779 318.209991455 304.529998779
car 98.9199981689 186.520004272 357.940002441 278.399993896
car 188.240005493 175.970001221 394.950012207 258.399993896
car 674.890014648 182.130004883 780.609985352 251.770004272
car 322.899993896 184.630004883 483.769989014 238.910003662
car 657.890014648 180.809997559 716.210021973 219.160003662
car 345.989990234 178.440002441 470.149993896 228.550003052
car 376.959991455 171.399993896 478.089996338 221.240005493
car 639.010009766 172.570007324 671.630004883 200.960006714
