pedestrian 984.179992676 128.13999939 1077.18005371 359.790008545
pedestrian 617.960021973 161.86000061 671.960021973 306.940002441
pedestrian 298.769989014 153.470001221 380.440002441 359.290008545
pedestrian 922.840026855 117.169998169 1030.5 373.0
pedestrian 495.040008545 166.929992676 510.380004883 222.589996338
pedestrian 476.959991455 171.490005493 493.299987793 223.789993286
pedestrian 558.130004883 167.440002441 577.130004883 228.160003662
pedestrian 588.520019531 168.929992676 600.020019531 227.100006104
pedestrian 515.400024414 168.320007324 536.400024414 225.699996948
cyclist 393.839996338 169.63999939 486.0 341.100006104
