car 0.0 194.789993286 429.600006104 374.0
car 659.400024414 174.160003662 751.609985352 238.679992676
car 833.190002441 194.600006104 1241.0 374.0
car 229.020004272 183.850006104 451.820007324 322.230010986
car 519.369995117 174.169998169 562.190002441 212.5
car 636.520019531 171.660003662 688.059997559 211.320007324
car 625.460021973 167.800003052 653.179992676 196.600006104
pedestrian 224.61000061 157.300003052 270.25 307.010009766
pedestrian 289.239990234 162.63999939 315.589996338 275.239990234
pedestrian 296.480010986 173.759994507 324.359985352 289.609985352
