car 529.200012207 157.830001831 591.179992676 205.320007324
pedestrian 871.380004883 144.63999939 961.380004883 373.0
pedestrian 0.0 132.320007324 143.910003662 373.0
pedestrian 580.630004883 147.059997559 613.299987793 240.779998779
pedestrian 844.150024414 157.570007324 895.820007324 346.309997559
pedestrian 743.869995117 155.330001831 796.539978027 312.299987793
pedestrian 713.630004883 156.330001831 753.969970703 287.989990234
pedestrian 804.940002441 145.5 885.5 271.230010986
pedestrian 778.460021973 160.61000061 829.799987793 289.869995117
pedestrian 791.08001709 144.559997559 826.409973145 242.979995728
