car 582.33001709 176.160003662 633.429992676 217.080001831
car 0.0 174.600006104 189.199996948 374.0
car 222.820007324 184.470001221 388.220001221 261.660003662
car 433.869995117 188.63999939 543.489990234 266.209991455
car 485.429992676 181.089996338 565.340026855 240.550003052
car 374.589996338 172.0 491.350006104 220.669998169
car 807.119995117 198.399993896 1241.0 374.0
car 650.409973145 174.740005493 699.039978027 213.199996948
car 267.339996338 177.11000061 337.170013428 208.490005493
car 576.159973145 175.229995728 610.239990234 206.339996338
car 17.5 177.11000061 162.589996338 232.059997559
pedestrian 909.520019531 161.320007324 958.520019531 293.019989014
