car 534.729980469 182.550003052 555.650024414 201.509994507
car 244.199996948 178.600006104 297.630004883 206.960006714
car 285.420013428 182.399993896 331.320007324 204.729995728
car 967.869995117 193.410003662 1055.7800293 224.899993896
car 326.309997559 181.869995117 363.149993896 202.029998779
car 549.409973145 180.789993286 569.159973145 196.839996338
car 562.210021973 179.830001831 615.340026855 232.770004272
car 183.809997559 183.61000061 250.630004883 212.300003052
car 1053.93005371 194.990005493 1126.42004395 224.11000061
cyclist 863.049987793 183.800003052 887.83001709 224.949996948
