car 0.0 172.88999939 219.240005493 332.269989014
car 4.96000003815 163.529998779 241.270004272 289.429992676
car 116.129997253 174.339996338 415.820007324 270.440002441
car 713.08001709 186.149993896 891.16998291 301.839996338
car 815.729980469 179.990005493 988.280029297 248.179992676
car 329.510009766 173.839996338 476.730010986 226.309997559
car 632.049987793 177.059997559 656.799987793 195.440002441
car 485.079986572 171.63999939 552.070007324 196.36000061
car 679.859985352 175.38999939 754.979980469 203.800003052
car 719.109985352 174.11000061 812.090026855 212.929992676
