car 575.130004883 173.009994507 756.5 344.149993896
car 1059.31005859 167.460006714 1241.0 374.0
car 713.890014648 168.289993286 832.940002441 222.800003052
car 685.599975586 171.910003662 757.340026855 206.720001221
car 667.280029297 173.169998169 732.859985352 199.63999939
car 569.119995117 174.220001221 593.229980469 190.61000061
car 71.1900024414 192.850006104 247.369995117 262.160003662
car 358.899993896 180.539993286 429.329986572 214.940002441
car 405.720001221 172.580001831 454.760009766 207.86000061
car 459.339996338 174.990005493 501.940002441 198.779998779
car 514.690002441 175.529998779 553.390014648 192.699996948
car 242.789993286 177.529998779 318.570007324 212.949996948
car 229.300003052 178.320007324 309.100006104 204.509994507
