car 0.0 189.330001831 383.100006104 369.0
car 1166.59997559 152.899993896 1223.0 196.520004272
car 454.420013428 168.740005493 486.359985352 192.160003662
pedestrian 672.450012207 150.559997559 738.780029297 262.070007324
pedestrian 399.989990234 157.259994507 479.260009766 273.850006104
pedestrian 410.040008545 151.470001221 470.040008545 281.730010986
pedestrian 105.430000305 175.699996948 137.759994507 262.279998779
pedestrian 90.4300003052 182.070007324 126.099998474 266.510009766
pedestrian 51.2599983215 165.059997559 93.9300003052 274.260009766
cyclist 1085.9699707 142.050003052 1147.18994141 191.970001221
cyclist 947.630004883 148.320007324 980.229980469 209.949996948
cyclist 367.089996338 163.080001831 475.730010986 267.649993896
