car 0.0 208.910003662 279.109985352 367.440002441
car 216.369995117 198.259994507 374.940002441 289.470001221
car 336.010009766 193.970001221 439.959991455 254.009994507
car 917.950012207 141.509994507 1145.16003418 222.839996338
car 893.950012207 141.820007324 1037.5300293 214.029998779
car 843.010009766 146.800003052 988.66998291 209.160003662
car 792.570007324 156.020004272 924.119995117 207.289993286
car 418.390014648 188.309997559 489.160003662 230.649993896
car 679.390014648 175.220001221 756.729980469 229.589996338
car 667.570007324 173.740005493 722.309997559 219.149993896
