car 591.130004883 175.259994507 637.179992676 218.820007324
car 1183.02001953 150.759994507 1241.0 374.0
car 910.559997559 173.520004272 1199.54003906 365.290008545
car 796.66998291 177.229995728 1030.29003906 291.440002441
car 468.25 180.279998779 507.309997559 204.289993286
car 109.919998169 194.11000061 314.019989014 297.670013428
car 693.799987793 170.679992676 821.770019531 224.869995117
car 664.059997559 173.460006714 759.559997559 211.630004883
car 422.929992676 174.080001831 464.140014648 200.029998779
car 445.940002441 174.729995728 479.339996338 196.869995117
car 497.959991455 176.160003662 521.099975586 190.089996338
car 401.160003662 176.369995117 427.390014648 195.649993896
