car 721.609985352 191.36000061 904.809997559 306.640014648
car 0.0 198.210006714 206.369995117 373.190002441
car 0.0 187.160003662 293.239990234 316.010009766
car 34.6899986267 192.330001831 330.640014648 292.920013428
car 155.86000061 186.88999939 384.059997559 271.179992676
car 261.200012207 180.300003052 426.899993896 246.869995117
car 657.099975586 183.940002441 740.650024414 240.25
car 361.779998779 184.059997559 497.459991455 230.179992676
car 647.890014648 181.720001221 697.320007324 215.36000061
car 378.390014648 180.759994507 484.600006104 223.990005493
car 397.760009766 173.410003662 485.929992676 217.179992676
car 632.25 174.289993286 662.0 200.550003052
