car 589.200012207 171.009994507 658.890014648 236.880004883
car 1154.2800293 181.229995728 1241.0 374.0
car 903.530029297 152.619995117 1168.18005371 335.899993896
car 689.809997559 168.050003052 808.349975586 221.020004272
car 662.710021973 167.279998779 733.039978027 196.600006104
car 655.900024414 169.089996338 704.429992676 191.529998779
car 161.470001221 172.350006104 303.209991455 237.119995117
car 278.570007324 175.869995117 367.149993896 222.710006714
car 353.459991455 181.539993286 415.059997559 212.009994507
car 443.190002441 173.86000061 484.070007324 195.809997559
car 466.079986572 169.199996948 496.109985352 193.160003662
car 494.769989014 171.190002441 524.539978027 188.660003662
car 202.600006104 179.449996948 274.220001221 218.289993286
