pedestrian 673.570007324 146.690002441 690.909973145 204.210006714
pedestrian 277.450012207 137.770004272 311.450012207 258.519989014
pedestrian 786.840026855 141.949996948 846.840026855 330.989990234
pedestrian 784.789978027 135.369995117 850.119995117 295.75
pedestrian 696.640014648 138.550003052 809.25 320.470001221
pedestrian 709.039978027 143.330001831 779.369995117 341.190002441
pedestrian 548.869995117 141.529998779 583.539978027 227.160003662
pedestrian 586.75 136.039993286 621.41998291 225.550003052
pedestrian 549.380004883 140.75 580.049987793 217.779998779
pedestrian 508.959991455 142.869995117 539.289978027 223.190002441
pedestrian 572.039978027 145.509994507 588.710021973 209.899993896
pedestrian 433.690002441 141.520004272 458.690002441 222.270004272
pedestrian 456.420013428 147.440002441 478.75 217.320007324
pedestrian 483.0 137.38999939 504.660003662 215.809997559
