car 540.570007324 168.419998169 595.770019531 211.089996338
pedestrian 818.030029297 161.11000061 879.030029297 355.010009766
pedestrian 244.869995117 161.289993286 339.869995117 362.630004883
pedestrian 115.230003357 163.949996948 183.229995728 349.329986572
pedestrian 1134.22998047 152.119995117 1237.0 373.0
pedestrian 1096.42004395 143.259994507 1194.75 373.0
pedestrian 623.640014648 159.100006104 652.640014648 242.63999939
pedestrian 782.369995117 168.5 855.66998291 324.609985352
pedestrian 738.390014648 167.36000061 777.390014648 299.309997559
pedestrian 712.869995117 167.429992676 748.530029297 281.609985352
pedestrian 773.390014648 158.63999939 838.770019531 268.470001221
pedestrian 741.150024414 172.490005493 780.479980469 283.890014648
pedestrian 794.320007324 155.679992676 844.91998291 244.770004272
