car 581.739990234 177.539993286 734.799987793 322.0
car 1188.81005859 180.839996338 1241.0 374.0
car 721.030029297 171.520004272 844.609985352 229.11000061
car 689.869995117 175.429992676 763.950012207 211.63999939
car 668.91998291 176.429992676 735.690002441 203.740005493
car 414.459991455 184.520004272 478.890014648 224.080001831
car 34.1199989319 196.440002441 228.050003052 271.940002441
car 543.679992676 176.779998779 573.039978027 197.059997559
car 589.809997559 174.039993286 613.450012207 190.740005493
car 351.730010986 183.619995117 425.660003662 219.520004272
car 400.049987793 176.460006714 450.959991455 212.63999939
car 457.109985352 178.630004883 500.839996338 203.020004272
car 514.219970703 179.009994507 554.340026855 196.5
car 232.970001221 181.509994507 310.829986572 218.330001831
car 218.63999939 180.699996948 301.399993896 207.880004883
