pedestrian 651.239990234 145.729995728 675.25 202.490005493
pedestrian 255.960006714 139.600006104 298.929992676 260.589996338
pedestrian 878.41998291 136.320007324 967.119995117 369.0
pedestrian 790.390014648 145.5 885.91998291 369.0
pedestrian 1050.0 140.449996948 1223.0 369.0
pedestrian 1126.63000488 148.570007324 1223.0 369.0
pedestrian 809.739990234 153.220001221 845.890014648 229.0
pedestrian 532.66998291 148.589996338 601.780029297 366.779998779
pedestrian 577.979980469 159.449996948 628.049987793 330.450012207
pedestrian 625.200012207 142.020004272 683.320007324 330.820007324
pedestrian 680.070007324 168.910003662 730.599975586 319.75
pedestrian 712.66998291 144.789993286 773.33001709 309.950012207
pedestrian 780.760009766 157.399993896 844.659973145 315.510009766
pedestrian 520.619995117 142.039993286 556.609985352 250.63999939
pedestrian 581.710021973 147.399993896 633.020019531 248.710006714
pedestrian 618.030029297 137.880004883 673.489990234 247.25
pedestrian 677.58001709 141.509994507 734.219970703 245.13999939
