car 0.0 184.919998169 168.529998779 348.309997559
car 0.0 190.740005493 316.769989014 313.75
car 63.6899986267 181.270004272 361.230010986 278.839996338
car 225.419998169 181.679992676 416.010009766 257.070007324
car 261.200012207 169.399993896 444.329986572 250.990005493
car 936.349975586 228.740005493 1241.0 374.0
car 964.890014648 176.940002441 1241.0 346.320007324
car 892.349975586 188.820007324 1200.5300293 308.440002441
car 828.880004883 191.550003052 1048.95996094 280.089996338
car 811.260009766 186.350006104 969.429992676 260.869995117
car 757.229980469 187.410003662 936.539978027 255.100006104
car 728.640014648 189.220001221 889.799987793 242.649993896
car 727.109985352 179.350006104 858.340026855 236.809997559
car 391.470001221 188.169998169 503.489990234 225.570007324
car 421.290008545 188.380004883 516.5 222.320007324
car 634.0 187.690002441 674.049987793 218.279998779
car 623.630004883 184.320007324 648.090026855 205.419998169
cyclist 528.369995117 186.25 544.820007324 224.800003052
