car 593.599975586 175.490005493 637.950012207 217.440002441
car 928.340026855 158.160003662 1241.0 374.0
car 798.320007324 174.11000061 1058.15002441 316.119995117
car 748.460021973 165.619995117 946.460021973 271.179992676
car 736.340026855 175.759994507 880.340026855 247.970001221
car 705.700012207 175.020004272 842.650024414 230.660003662
car 517.91998291 179.160003662 541.450012207 194.910003662
car 438.299987793 183.729995728 489.269989014 217.330001831
car 670.429992676 172.880004883 762.960021973 209.919998169
car 653.039978027 173.61000061 726.619995117 201.940002441
car 456.040008545 176.259994507 488.700012207 198.020004272
car 434.369995117 177.320007324 455.579986572 193.800003052
