pedestrian 660.450012207 145.86000061 680.340026855 203.190002441
pedestrian 278.079986572 138.75 316.920013428 260.019989014
pedestrian 1001.10998535 183.470001221 1212.55004883 369.0
pedestrian 1062.39001465 174.690002441 1223.0 369.0
pedestrian 585.25 148.919998169 608.859985352 211.429992676
pedestrian 657.5 141.350006104 703.83001709 279.209991455
pedestrian 640.489990234 137.399993896 700.760009766 257.260009766
pedestrian 594.609985352 142.710006714 640.090026855 278.890014648
pedestrian 585.909973145 139.25 632.66998291 280.049987793
pedestrian 525.739990234 141.690002441 556.900024414 213.169998169
pedestrian 550.75 138.240005493 577.030029297 213.259994507
pedestrian 517.58001709 142.759994507 542.429992676 210.11000061
pedestrian 488.179992676 143.86000061 513.320007324 215.229995728
pedestrian 404.519989014 142.75 430.149993896 213.970001221
pedestrian 438.029998779 148.800003052 459.679992676 211.36000061
pedestrian 466.769989014 140.369995117 489.850006104 211.020004272
