car 0.0 199.940002441 309.410003662 374.0
car 1094.39001465 209.149993896 1241.0 374.0
car 226.789993286 191.899993896 420.220001221 290.829986572
car 804.900024414 185.339996338 1165.32995605 374.0
car 466.290008545 179.979995728 522.200012207 219.13999939
car 744.130004883 182.080001831 897.960021973 282.619995117
car 717.309997559 180.399993896 809.33001709 247.0
car 695.299987793 180.100006104 767.099975586 229.660003662
car 489.649993896 178.369995117 539.700012207 212.919998169
car 691.710021973 177.800003052 744.109985352 217.270004272
