car 572.989990234 176.630004883 629.549987793 222.600006104
car 0.0 181.949996948 308.850006104 367.730010986
car 290.600006104 180.38999939 448.850006104 254.800003052
car 385.489990234 174.050003052 508.260009766 228.850006104
car 474.660003662 171.839996338 554.409973145 205.13999939
car 830.039978027 188.660003662 1241.0 374.0
car 681.950012207 174.960006714 748.130004883 220.070007324
car 249.539993286 176.720001221 351.359985352 225.710006714
car 592.719970703 173.0 630.630004883 207.580001831
car 0.0 181.649993896 37.6599998474 237.300003052
car 148.800003052 175.910003662 253.419998169 215.11000061
