pedestrian 673.159973145 146.36000061 695.659973145 202.949996948
pedestrian 259.450012207 135.830001831 295.130004883 257.230010986
pedestrian 785.739990234 146.220001221 881.659973145 369.0
pedestrian 882.229980469 134.059997559 974.510009766 369.0
pedestrian 685.799987793 142.11000061 742.440002441 285.529998779
pedestrian 639.799987793 141.839996338 703.840026855 279.589996338
pedestrian 773.909973145 139.949996948 819.359985352 276.839996338
pedestrian 812.289978027 145.410003662 895.41998291 275.540008545
pedestrian 1033.2199707 174.429992676 1069.30004883 251.910003662
pedestrian 487.910003662 142.289993286 532.140014648 278.579986572
pedestrian 511.880004883 152.940002441 541.809997559 268.380004883
pedestrian 546.799987793 138.240005493 586.200012207 265.709991455
pedestrian 596.909973145 158.619995117 629.090026855 262.859985352
pedestrian 596.940002441 141.589996338 635.380004883 252.779998779
pedestrian 462.5 143.070007324 493.950012207 227.789993286
pedestrian 538.929992676 146.770004272 574.989990234 224.559997559
pedestrian 580.820007324 142.63999939 605.91998291 226.570007324
pedestrian 625.489990234 141.470001221 652.940002441 221.36000061
