car 804.960021973 147.88999939 1241.0 374.0
car 723.58001709 150.759994507 920.219970703 305.200012207
car 701.929992676 170.619995117 800.140014648 251.460006714
car 524.289978027 173.009994507 557.849975586 206.100006104
car 384.600006104 185.369995117 475.429992676 246.100006104
car 0.0 194.619995117 298.440002441 374.0
car 227.0 184.279998779 404.589996338 294.260009766
pedestrian 678.869995117 164.520004272 698.869995117 210.399993896
pedestrian 684.510009766 167.0 701.510009766 211.25
pedestrian 619.58001709 171.470001221 629.25 198.61000061
pedestrian 457.820007324 180.080001831 468.480010986 212.419998169
