car 0.0 153.850006104 174.839996338 373.0
car 355.399993896 166.020004272 477.070007324 261.079986572
pedestrian 600.260009766 176.630004883 615.469970703 232.089996338
pedestrian 619.020019531 171.169998169 645.200012207 229.660003662
pedestrian 132.449996948 174.089996338 247.059997559 373.0
pedestrian 238.210006714 186.009994507 284.190002441 288.570007324
pedestrian 258.690002441 181.86000061 301.329986572 302.390014648
pedestrian 778.119995117 154.190002441 838.299987793 300.510009766
pedestrian 1027.51000977 133.559997559 1151.13000488 339.690002441
pedestrian 346.679992676 185.059997559 372.470001221 252.270004272
pedestrian 512.75 177.690002441 529.380004883 233.300003052
