car 533.409973145 178.88999939 574.530029297 209.970001221
pedestrian 640.619995117 167.100006104 672.289978027 266.25
pedestrian 432.700012207 172.929992676 464.369995117 244.179992676
pedestrian 412.609985352 173.86000061 433.279998779 240.75
pedestrian 744.729980469 166.11000061 764.059997559 230.240005493
pedestrian 616.159973145 168.830001831 642.820007324 232.899993896
pedestrian 682.679992676 170.330001831 713.010009766 265.760009766
pedestrian 710.549987793 163.149993896 738.219970703 239.910003662
pedestrian 740.320007324 162.240005493 775.960021973 228.059997559
pedestrian 142.979995728 178.529998779 191.979995728 288.809997559
