car 748.260009766 150.350006104 1071.41003418 373.690002441
car 0.0 190.410003662 119.86000061 374.0
car 0.0 191.669998169 230.809997559 357.109985352
car 0.0 178.570007324 298.640014648 297.279998779
car 158.710006714 155.710006714 421.660003662 260.609985352
car 116.379997253 171.130004883 359.579986572 277.790008545
car 707.659973145 177.919998169 846.090026855 268.299987793
car 233.199996948 160.039993286 413.299987793 246.410003662
car 295.980010986 178.279998779 450.829986572 242.440002441
car 303.429992676 170.13999939 466.269989014 231.429992676
car 392.910003662 167.839996338 503.970001221 208.600006104
car 429.359985352 162.399993896 518.150024414 204.259994507
car 651.530029297 173.330001831 698.510009766 209.929992676
car 682.5 174.410003662 770.030029297 240.809997559
car 639.210021973 166.089996338 673.619995117 196.580001831
