car 489.029998779 171.61000061 571.719970703 234.410003662
pedestrian 891.039978027 147.449996948 1115.7199707 373.0
pedestrian 415.989990234 157.809997559 458.239990234 264.070007324
pedestrian 894.659973145 163.36000061 970.979980469 373.0
pedestrian 744.530029297 161.100006104 804.150024414 348.529998779
pedestrian 557.059997559 163.86000061 624.190002441 315.859985352
pedestrian 764.489990234 155.940002441 863.520019531 303.559997559
pedestrian 660.590026855 159.800003052 708.210021973 280.190002441
pedestrian 749.020019531 173.279998779 820.729980469 334.070007324
pedestrian 708.210021973 157.13999939 754.400024414 269.109985352
pedestrian 720.58001709 161.059997559 804.809997559 298.850006104
