car 595.239990234 176.869995117 638.070007324 217.369995117
car 0.0 185.509994507 170.710006714 285.75
car 837.299987793 167.899993896 1068.43994141 310.179992676
car 778.780029297 172.63999939 974.869995117 269.609985352
car 716.549987793 177.479995728 869.789978027 248.289993286
car 693.570007324 170.970001221 821.320007324 235.080001831
car 686.859985352 174.880004883 803.940002441 224.710006714
car 674.340026855 172.350006104 777.700012207 218.910003662
car 524.390014648 180.130004883 546.780029297 196.740005493
car 643.570007324 174.899993896 697.789978027 195.25
car 490.179992676 176.770004272 514.679992676 194.130004883
