car 756.090026855 154.5 1020.08001709 247.520004272
car 1091.85998535 148.179992676 1225.38000488 188.020004272
car 1056.4699707 151.429992676 1183.63000488 188.429992676
car 1023.89001465 150.009994507 1149.0 186.720001221
car 413.369995117 180.75 482.950012207 232.919998169
car 507.660003662 178.050003052 562.450012207 220.679992676
car 767.840026855 153.25 882.619995117 196.800003052
car 904.539978027 153.339996338 960.859985352 185.279998779
car 939.33001709 154.550003052 1002.33001709 183.559997559
car 446.869995117 181.63999939 505.609985352 221.940002441
car 642.08001709 174.210006714 681.869995117 201.440002441
car 594.469970703 178.300003052 622.309997559 200.479995728
