car 1132.81005859 199.589996338 1241.0 374.0
car 790.390014648 177.520004272 1161.19995117 374.0
car 0.0 200.75 329.269989014 374.0
car 267.279998779 180.949996948 433.940002441 295.880004883
car 698.210021973 178.660003662 813.75 262.480010986
car 390.410003662 181.320007324 488.989990234 256.25
car 675.270019531 177.470001221 759.929992676 232.759994507
car 625.349975586 179.809997559 652.630004883 201.440002441
car 516.210021973 184.559997559 544.760009766 203.910003662
car 605.41998291 177.5 638.0 199.600006104
car 582.510009766 181.199996948 607.539978027 197.210006714
