car 758.320007324 176.089996338 1036.06994629 346.019989014
car 187.75 188.149993896 374.100006104 295.339996338
car 1011.84997559 132.479995728 1241.0 253.669998169
car 403.329986572 183.660003662 479.700012207 233.809997559
car 446.940002441 183.36000061 502.549987793 220.600006104
car 472.660003662 182.5 516.150024414 214.369995117
car 1028.90002441 149.369995117 1141.52001953 182.429992676
car 996.5 148.460006714 1102.92004395 181.5
car 979.880004883 151.630004883 1086.01000977 180.070007324
car 965.200012207 149.229995728 1063.77001953 176.690002441
