car 563.58001709 167.5 598.659973145 194.929992676
pedestrian 1152.79003906 78.5199966431 1237.0 373.0
pedestrian 461.420013428 156.050003052 504.760009766 320.799987793
pedestrian 398.399993896 163.86000061 464.739990234 329.589996338
pedestrian 634.989990234 156.630004883 664.33001709 239.029998779
pedestrian 621.83001709 156.699996948 651.719970703 214.520004272
pedestrian 684.340026855 159.220001221 706.010009766 239.229995728
pedestrian 727.030029297 153.720001221 750.030029297 220.850006104
pedestrian 741.679992676 152.309997559 756.679992676 211.350006104
pedestrian 385.149993896 164.289993286 418.809997559 246.86000061
pedestrian 709.049987793 161.050003052 733.049987793 229.050003052
