car 1016.39001465 176.350006104 1241.0 374.0
car 4.01000022888 176.38999939 350.170013428 374.0
car 736.940002441 177.699996948 934.049987793 308.239990234
car 294.399993896 187.710006714 448.269989014 296.359985352
car 693.16998291 183.679992676 809.630004883 258.850006104
car 654.619995117 176.380004883 700.520019531 220.270004272
car 648.039978027 180.080001831 693.700012207 216.419998169
car 627.359985352 185.759994507 657.5 210.169998169
car 506.0 190.300003052 536.849975586 212.190002441
car 604.789978027 183.330001831 640.469970703 207.679992676
car 581.320007324 187.220001221 608.219970703 204.800003052
