pedestrian 315.410003662 163.809997559 360.739990234 292.809997559
pedestrian 252.570007324 150.570007324 309.910003662 299.089996338
pedestrian 417.869995117 156.479995728 488.200012207 320.059997559
pedestrian 765.770019531 165.070007324 778.770019531 206.190002441
pedestrian 782.58001709 170.039993286 793.58001709 205.770004272
pedestrian 1178.61999512 165.839996338 1195.61999512 210.470001221
pedestrian 1206.65002441 170.759994507 1223.0 216.009994507
cyclist 37.8899993896 168.13999939 60.5400009155 207.210006714
cyclist 1062.30004883 166.119995117 1137.44995117 272.720001221
cyclist 1014.35998535 170.630004883 1064.39001465 214.009994507
