car 695.16998291 187.210006714 820.969970703 268.829986572
car 0.0 191.929992676 332.920013428 303.25
car 126.379997253 187.720001221 370.579986572 280.019989014
car 178.020004272 189.100006104 392.489990234 263.970001221
car 250.850006104 186.699996948 426.970001221 253.11000061
car 648.320007324 183.130004883 717.450012207 230.240005493
car 392.519989014 184.160003662 509.600006104 224.440002441
car 641.289978027 182.619995117 684.960021973 212.759994507
car 418.799987793 174.729995728 496.619995117 213.660003662
car 628.159973145 175.279998779 654.820007324 199.710006714
