car 0.0 117.470001221 391.950012207 373.0
car 369.709991455 155.660003662 471.130004883 237.479995728
pedestrian 579.409973145 166.720001221 597.030029297 220.289993286
pedestrian 602.090026855 163.509994507 620.270019531 219.220001221
pedestrian 360.309997559 158.949996948 420.720001221 324.100006104
pedestrian 1164.22998047 136.220001221 1230.16003418 314.940002441
pedestrian 390.709991455 169.020004272 430.850006104 249.61000061
pedestrian 362.670013428 176.38999939 422.290008545 289.329986572
pedestrian 803.450012207 145.899993896 859.820007324 276.359985352
pedestrian 1054.51000977 132.669998169 1131.38000488 292.410003662
pedestrian 494.369995117 165.949996948 509.399993896 213.809997559
