pedestrian 636.729980469 145.240005493 660.729980469 202.410003662
pedestrian 243.940002441 139.350006104 287.269989014 259.190002441
pedestrian 597.270019531 139.169998169 627.929992676 209.5
pedestrian 815.479980469 114.849998474 1173.90002441 369.0
pedestrian 758.210021973 170.960006714 972.679992676 369.0
pedestrian 800.5 126.739997864 1001.08001709 369.0
pedestrian 901.41998291 189.679992676 1083.80004883 369.0
pedestrian 936.08001709 146.029998779 1143.14001465 369.0
pedestrian 1060.98999023 161.970001221 1223.0 369.0
pedestrian 491.730010986 163.789993286 584.059997559 369.0
pedestrian 568.150024414 142.88999939 629.809997559 309.510009766
pedestrian 689.119995117 153.990005493 746.119995117 305.619995117
pedestrian 738.929992676 138.850006104 797.929992676 301.040008545
pedestrian 800.320007324 135.479995728 885.989990234 287.630004883
