car 551.059997559 167.850006104 582.869995117 192.570007324
pedestrian 958.369995117 120.239997864 1077.56005859 373.0
pedestrian 1028.91003418 106.809997559 1115.80004883 337.890014648
pedestrian 507.359985352 161.550003052 538.309997559 258.390014648
pedestrian 475.730010986 164.190002441 511.899993896 256.290008545
pedestrian 589.219970703 160.320007324 617.260009766 233.649993896
pedestrian 612.450012207 159.399993896 629.989990234 213.169998169
pedestrian 641.979980469 161.399993896 666.229980469 232.210006714
pedestrian 713.58001709 155.589996338 732.469970703 216.940002441
pedestrian 478.220001221 162.86000061 497.089996338 233.940002441
pedestrian 678.479980469 162.699996948 696.440002441 225.369995117
