car 543.989990234 183.720001221 590.440002441 221.88999939
car 0.0 207.990005493 429.950012207 374.0
car 20.9400005341 184.669998169 283.179992676 324.730010986
car 294.149993896 187.419998169 435.869995117 241.36000061
car 357.059997559 181.949996948 462.359985352 232.289993286
car 410.369995117 184.199996948 501.769989014 219.61000061
car 445.329986572 184.070007324 513.390014648 215.020004272
car 674.700012207 186.759994507 792.609985352 274.859985352
car 666.599975586 189.130004883 737.469970703 248.179992676
car 640.280029297 184.710006714 704.58001709 233.029998779
car 203.979995728 186.309997559 287.089996338 223.690002441
car 560.909973145 180.649993896 595.799987793 211.350006104
