car 595.229980469 181.990005493 676.020019531 248.029998779
car 255.919998169 177.300003052 347.480010986 223.289993286
car 438.690002441 173.850006104 530.16998291 216.990005493
car 467.029998779 179.630004883 553.229980469 210.440002441
car 499.720001221 175.660003662 563.390014648 202.440002441
car 529.210021973 174.820007324 576.489990234 193.61000061
car 580.159973145 178.259994507 624.260009766 218.5
car 354.609985352 171.820007324 405.529998779 195.679992676
pedestrian 484.690002441 167.789993286 505.690002441 237.580001831
cyclist 829.570007324 174.270004272 924.659973145 244.619995117
