car 767.659973145 178.119995117 1048.11999512 374.0
car 0.0 189.029998779 201.550003052 374.0
car 0.0 178.190002441 305.619995117 320.929992676
car 41.4599990845 161.050003052 315.940002441 295.970001221
car 146.600006104 184.88999939 358.619995117 264.940002441
car 269.269989014 184.979995728 444.920013428 251.240005493
car 318.519989014 181.119995117 474.649993896 243.279998779
car 346.929992676 177.75 467.779998779 236.669998169
car 349.0 173.880004883 494.720001221 227.190002441
car 402.0 177.720001221 503.75 217.86000061
car 439.989990234 168.460006714 527.989990234 209.410003662
car 674.0 183.839996338 739.099975586 235.669998169
car 725.309997559 171.690002441 842.5 219.649993896
car 682.33001709 173.029998779 753.190002441 204.800003052
car 632.049987793 179.809997559 657.440002441 199.199996948
cyclist 573.890014648 176.75 581.809997559 197.199996948
