car 579.010009766 180.410003662 635.510009766 226.380004883
car 0.0 182.940002441 197.119995117 374.0
car 106.870002747 155.11000061 381.390014648 341.309997559
car 311.410003662 182.059997559 480.25 257.0
car 347.779998779 176.910003662 492.739990234 239.279998779
car 420.929992676 177.440002441 516.809997559 217.720001221
car 460.200012207 175.820007324 541.460021973 210.470001221
car 708.450012207 183.130004883 810.409973145 249.009994507
car 660.570007324 180.100006104 701.0 209.970001221
car 589.530029297 173.0 625.159973145 205.449996948
car 0.0 176.020004272 52.3800010681 241.88999939
car 46.3400001526 167.38999939 183.919998169 227.789993286
