car 844.299987793 184.190002441 1241.0 374.0
car 0.0 189.289993286 38.2799987793 254.380004883
car 829.950012207 148.320007324 983.25 286.739990234
car 393.350006104 177.520004272 457.179992676 215.949996948
car 310.820007324 163.75 388.329986572 216.449996948
car 501.829986572 168.830001831 537.849975586 198.38999939
car 708.299987793 167.410003662 774.030029297 204.589996338
car 755.229980469 166.210006714 823.859985352 205.75
car 167.020004272 179.649993896 264.820007324 219.479995728
car 63.1500015259 183.949996948 151.979995728 220.029998779
