car 601.340026855 182.570007324 681.059997559 258.450012207
car 736.789978027 175.220001221 881.58001709 246.009994507
car 694.679992676 180.539993286 777.760009766 222.169998169
car 670.340026855 182.259994507 743.58001709 212.929992676
car 0.0 206.080001831 127.620002747 298.339996338
car 423.869995117 186.399993896 488.820007324 226.779998779
car 524.739990234 182.559997559 560.739990234 208.169998169
car 571.710021973 180.850006104 596.979980469 199.910003662
car 311.739990234 191.070007324 397.75 233.130004883
car 371.429992676 182.210006714 430.260009766 222.570007324
car 438.179992676 183.690002441 484.700012207 210.36000061
car 502.540008545 185.199996948 544.869995117 204.210006714
car 175.380004883 187.710006714 268.190002441 230.399993896
car 166.220001221 186.13999939 262.010009766 217.119995117
