car 58.5600013733 194.880004883 358.100006104 350.940002441
car 967.739990234 198.089996338 1241.0 374.0
car 301.339996338 188.080001831 446.600006104 271.890014648
car 797.5 184.199996948 1026.72998047 322.649993896
car 387.589996338 185.710006714 491.329986572 243.309997559
car 729.66998291 177.809997559 862.270019531 262.970001221
car 506.239990234 179.229995728 548.369995117 210.130004883
car 709.190002441 177.199996948 792.0 237.619995117
car 699.190002441 175.809997559 758.520019531 222.240005493
car 685.929992676 175.759994507 737.020019531 213.179992676
