pedestrian 686.630004883 148.520004272 710.820007324 205.410003662
pedestrian 275.390014648 133.869995117 311.399993896 253.880004883
pedestrian 1063.61999512 128.899993896 1223.0 369.0
pedestrian 619.070007324 144.839996338 664.950012207 268.549987793
pedestrian 674.570007324 132.440002441 721.869995117 262.130004883
pedestrian 588.16998291 138.720001221 623.679992676 236.729995728
pedestrian 558.210021973 139.669998169 595.650024414 239.419998169
pedestrian 628.450012207 141.729995728 663.809997559 230.5
pedestrian 677.820007324 146.229995728 705.260009766 229.369995117
pedestrian 453.869995117 140.330001831 485.410003662 242.550003052
pedestrian 483.350006104 149.240005493 510.989990234 234.429992676
pedestrian 509.059997559 137.029998779 539.609985352 231.679992676
pedestrian 542.770019531 154.190002441 566.950012207 232.960006714
pedestrian 488.630004883 142.679992676 541.0 227.380004883
