car 587.789978027 175.449996948 673.450012207 256.380004883
car 726.739990234 170.779998779 891.520019531 249.259994507
car 676.5 170.449996948 760.020019531 205.960006714
car 661.16998291 172.929992676 716.239990234 198.669998169
car 652.229980469 173.479995728 704.41998291 194.050003052
car 0.0 177.210006714 186.570007324 275.670013428
car 167.869995117 180.259994507 300.25 243.449996948
car 294.630004883 186.440002441 377.220001221 225.440002441
car 422.119995117 178.979995728 470.899993896 204.309997559
car 449.980010986 173.529998779 485.829986572 200.720001221
car 484.679992676 175.089996338 518.210021973 194.449996948
car 526.090026855 175.770004272 558.359985352 190.330001831
car 1148.61999512 184.440002441 1241.0 227.210006714
car 90.0100021362 181.490005493 191.619995117 231.440002441
