car 831.140014648 197.399993896 1241.0 374.0
car 700.549987793 171.149993896 823.229980469 270.190002441
car 95.1399993896 176.190002441 385.470001221 276.230010986
car 204.570007324 173.929992676 419.070007324 257.739990234
car 241.039993286 160.580001831 408.239990234 247.350006104
car 286.559997559 180.369995117 427.950012207 235.600006104
car 357.640014648 176.869995117 483.739990234 225.13999939
car 387.600006104 177.259994507 503.75 224.210006714
car 399.549987793 170.330001831 492.649993896 216.429992676
car 399.359985352 171.830001831 514.369995117 214.300003052
car 458.339996338 162.919998169 533.950012207 198.229995728
car 657.409973145 179.38999939 707.08001709 218.789993286
car 626.770019531 174.25 649.359985352 191.710006714
cyclist 576.179992676 173.059997559 582.969970703 190.839996338
