car 404.529998779 172.479995728 512.409973145 244.979995728
car 1071.54003906 144.869995117 1195.93005371 180.759994507
car 973.359985352 158.190002441 1082.68005371 188.130004883
pedestrian 538.590026855 161.130004883 562.450012207 216.619995117
pedestrian 407.079986572 162.429992676 428.709991455 223.940002441
pedestrian 241.0 176.940002441 261.980010986 224.940002441
pedestrian 234.729995728 179.229995728 257.920013428 225.5
pedestrian 325.470001221 173.880004883 346.410003662 221.5
pedestrian 316.450012207 170.75 342.089996338 228.589996338
pedestrian 408.829986572 161.210006714 425.170013428 220.380004883
cyclist 924.969970703 140.800003052 1000.77001953 204.5
cyclist 855.119995117 145.229995728 914.25 199.369995117
cyclist 704.989990234 158.440002441 744.25 194.839996338
cyclist 822.799987793 155.419998169 848.940002441 194.869995117
cyclist 290.859985352 170.020004272 360.350006104 231.75
