car 0.0 226.509994507 124.050003052 374.0
car 189.38999939 202.449996948 459.170013428 374.0
car 372.940002441 191.149993896 522.849975586 291.209991455
car 747.400024414 178.339996338 873.25 287.010009766
car 1181.63000488 147.089996338 1241.0 346.109985352
car 485.209991455 180.210006714 551.159973145 238.059997559
car 498.559997559 184.220001221 568.940002441 226.160003662
car 549.619995117 168.429992676 614.340026855 190.339996338
car 755.539978027 178.300003052 859.5 251.550003052
car 804.570007324 170.5 908.460021973 231.990005493
car 734.58001709 165.339996338 846.909973145 207.600006104
car 1024.48999023 164.419998169 1139.7199707 212.679992676
car 956.289978027 165.220001221 1050.56005859 196.960006714
