car 1028.19995117 144.570007324 1241.0 358.929992676
car 0.0 193.449996948 379.220001221 374.0
car 355.829986572 189.710006714 500.029998779 287.549987793
car 436.019989014 183.970001221 536.760009766 252.5
car 702.33001709 175.149993896 785.469970703 250.759994507
car 930.799987793 157.119995117 1241.0 279.880004883
car 500.660003662 174.820007324 555.190002441 222.419998169
car 505.149993896 178.949996948 566.479980469 214.330001831
car 422.730010986 170.88999939 485.700012207 192.289993286
car 719.989990234 174.13999939 802.239990234 229.630004883
car 763.159973145 166.710006714 849.229980469 216.050003052
car 910.780029297 162.660003662 992.479980469 190.259994507
