car 587.270019531 195.580001831 665.239990234 262.239990234
car 118.559997559 193.179992676 262.640014648 260.059997559
car 384.540008545 188.330001831 504.510009766 248.100006104
car 433.309997559 193.460006714 538.059997559 233.940002441
car 480.239990234 189.009994507 554.400024414 222.229995728
car 516.179992676 189.399993896 571.599975586 211.5
car 673.890014648 191.580001831 725.890014648 228.660003662
car 581.91998291 188.850006104 624.640014648 228.919998169
car 310.390014648 188.529998779 374.309997559 217.809997559
pedestrian 409.170013428 176.960006714 444.839996338 287.630004883
cyclist 954.719970703 181.070007324 1128.95996094 300.220001221
