car 0.0 217.86000061 233.039993286 374.0
car 148.039993286 200.050003052 419.880004883 355.149993896
car 869.590026855 186.539993286 1241.0 374.0
car 761.799987793 171.130004883 981.16998291 313.299987793
car 1056.70996094 134.149993896 1241.0 229.11000061
car 647.659973145 172.029998779 702.719970703 209.940002441
car 591.130004883 176.320007324 630.799987793 199.36000061
car 772.349975586 168.470001221 892.200012207 218.600006104
car 549.570007324 173.63999939 594.659973145 192.820007324
cyclist 482.570007324 174.259994507 496.850006104 200.839996338
