car 444.519989014 177.399993896 532.369995117 208.169998169
car 656.979980469 175.369995117 702.840026855 213.770004272
car 534.979980469 181.949996948 579.909973145 217.5
car 310.779998779 176.630004883 473.399993896 232.059997559
car 220.479995728 177.119995117 433.859985352 256.910003662
car 100.290000916 176.710006714 406.269989014 282.989990234
car 0.0 173.210006714 256.299987793 306.470001221
car 0.0 137.679992676 235.080001831 371.769989014
car 708.130004883 190.779998779 827.299987793 267.329986572
car 799.530029297 206.080001831 1241.0 374.0
