car 763.650024414 182.440002441 939.820007324 288.739990234
car 580.0 173.699996948 654.770019531 200.160003662
car 778.91998291 166.669998169 851.450012207 193.550003052
car 950.229980469 163.029998779 1043.70996094 188.880004883
car 391.950012207 178.460006714 456.179992676 205.369995117
car 242.160003662 181.529998779 301.320007324 206.910003662
car 586.880004883 175.320007324 609.340026855 190.690002441
car 550.260009766 175.229995728 576.380004883 190.910003662
pedestrian 480.760009766 170.770004272 495.429992676 216.940002441
cyclist 857.5 170.770004272 930.070007324 226.970001221
