car 357.559997559 150.759994507 493.850006104 255.830001831
pedestrian 603.33001709 167.11000061 623.570007324 224.710006714
pedestrian 613.409973145 164.779998779 640.5 229.440002441
pedestrian 0.0 162.25 105.489997864 373.0
pedestrian 69.3000030518 175.320007324 131.779998779 305.970001221
pedestrian 173.779998779 165.080001831 246.070007324 340.730010986
pedestrian 798.0 151.080001831 875.130004883 317.880004883
pedestrian 1015.9699707 131.830001831 1147.86999512 373.0
pedestrian 361.869995117 171.259994507 400.809997559 236.380004883
pedestrian 520.239990234 165.460006714 542.710021973 231.009994507
