car 697.780029297 166.520004272 853.840026855 286.109985352
car 0.0 185.520004272 212.029998779 348.809997559
car 0.0 184.800003052 334.040008545 309.309997559
car 98.1999969482 185.86000061 369.880004883 280.619995117
car 190.61000061 181.710006714 392.390014648 259.980010986
car 273.390014648 164.910003662 463.75 242.199996948
car 258.170013428 176.289993286 422.600006104 251.0
car 677.520019531 183.289993286 770.369995117 246.669998169
car 318.220001221 166.589996338 452.410003662 232.419998169
car 357.859985352 174.580001831 487.869995117 223.979995728
car 641.590026855 179.100006104 681.010009766 210.300003052
car 663.450012207 178.460006714 728.460021973 229.710006714
