car 0.0 172.589996338 129.820007324 374.0
car 0.0 170.850006104 288.709991455 336.410003662
car 0.0 174.130004883 286.559997559 291.059997559
car 128.809997559 187.210006714 380.869995117 280.489990234
car 173.119995117 178.380004883 407.739990234 256.690002441
car 286.630004883 172.61000061 445.420013428 236.339996338
car 312.329986572 162.149993896 468.910003662 232.75
car 808.83001709 201.910003662 1234.93994141 374.0
car 876.619995117 172.419998169 1206.31994629 294.279998779
car 836.08001709 182.25 1064.47998047 273.779998779
car 794.059997559 184.119995117 969.270019531 255.399993896
car 784.590026855 179.130004883 915.349975586 241.009994507
car 739.969970703 179.710006714 892.75 237.100006104
car 716.179992676 182.259994507 856.869995117 228.5
car 717.739990234 172.960006714 833.710021973 223.960006714
car 414.480010986 175.630004883 515.619995117 209.169998169
car 439.820007324 179.11000061 526.880004883 209.919998169
car 634.340026855 179.369995117 671.039978027 206.830001831
car 627.010009766 178.199996948 650.179992676 197.910003662
cyclist 540.890014648 177.119995117 555.0 210.75
