car 0.0 222.419998169 211.820007324 374.0
car 817.890014648 165.029998779 1241.0 374.0
car 0.0 217.050003052 154.289993286 374.0
car 671.619995117 165.919998169 902.229980469 259.920013428
car 85.6600036621 195.979995728 324.25 326.809997559
car 644.780029297 177.740005493 689.460021973 216.210006714
car 630.119995117 174.13999939 670.41998291 210.929992676
car 545.820007324 174.740005493 563.789978027 193.649993896
pedestrian 584.969970703 172.949996948 590.640014648 194.600006104
pedestrian 590.289978027 173.839996338 596.289978027 194.880004883
