car 669.549987793 179.470001221 745.33001709 237.350006104
car 0.0 217.529998779 308.260009766 374.0
car 888.590026855 162.440002441 1171.31005859 243.169998169
car 847.539978027 144.369995117 1061.75 228.820007324
car 400.450012207 184.279998779 471.239990234 234.529998779
car 227.100006104 196.039993286 375.529998779 280.010009766
car 783.440002441 162.119995117 933.08001709 215.009994507
car 464.390014648 182.970001221 509.959991455 214.990005493
car 1085.48999023 148.63999939 1222.7199707 192.839996338
car 1037.22998047 150.509994507 1167.26000977 186.270004272
