car 0.0 130.339996338 105.730003357 374.0
car 1098.84997559 186.11000061 1241.0 374.0
car 898.809997559 188.320007324 1241.0 348.589996338
car 858.58001709 161.460006714 1200.67004395 302.790008545
car 202.449996948 182.88999939 413.589996338 249.960006714
car 275.25 183.210006714 443.609985352 240.809997559
car 344.519989014 179.460006714 450.0 225.279998779
car 634.099975586 179.949996948 701.010009766 228.509994507
car 414.640014648 177.210006714 499.350006104 210.289993286
car 618.619995117 175.979995728 652.219970703 204.419998169
cyclist 378.970001221 183.350006104 439.489990234 289.440002441
