car 213.919998169 195.13999939 386.190002441 292.459991455
car 335.519989014 191.759994507 441.799987793 253.759994507
car 400.869995117 188.910003662 470.859985352 236.679992676
car 440.450012207 186.38999939 498.359985352 223.539993286
car 805.16998291 152.13999939 932.809997559 200.440002441
car 802.780029297 151.990005493 888.340026855 197.710006714
car 774.08001709 155.089996338 866.549987793 196.25
car 1185.11999512 127.660003662 1241.0 173.850006104
car 1129.93005371 127.349998474 1241.0 173.190002441
car 1091.60998535 133.369995117 1241.0 172.179992676
car 1060.23999023 138.13999939 1196.06994629 174.619995117
car 481.170013428 185.070007324 526.320007324 214.729995728
car 666.530029297 173.809997559 712.780029297 209.479995728
