car 596.710021973 183.75 659.83001709 235.61000061
car 276.730010986 178.0 467.049987793 285.940002441
car 325.269989014 181.160003662 480.799987793 258.859985352
car 446.160003662 179.729995728 553.409973145 222.970001221
car 498.190002441 175.990005493 568.219970703 206.009994507
car 876.030029297 201.050003052 1241.0 374.0
car 757.109985352 171.36000061 915.320007324 271.880004883
car 721.289978027 182.729995728 804.549987793 237.119995117
car 700.770019531 182.220001221 762.030029297 223.479995728
car 689.390014648 173.710006714 744.539978027 216.11000061
car 54.8100013733 184.050003052 279.690002441 265.820007324
car 608.770019531 176.520004272 645.58001709 210.080001831
car 0.0 172.529998779 111.480003357 239.589996338
car 236.229995728 180.580001831 362.760009766 239.330001831
pedestrian 728.059997559 180.960006714 762.400024414 256.089996338
pedestrian 679.260009766 176.399993896 691.91998291 203.470001221
