car 587.770019531 173.630004883 683.570007324 264.130004883
car 753.869995117 168.38999939 946.979980469 266.049987793
car 684.530029297 167.970001221 773.400024414 206.789993286
car 667.91998291 170.910003662 726.429992676 198.449996948
car 655.16998291 171.130004883 710.119995117 192.820007324
car 0.0 178.050003052 108.279998779 281.760009766
car 101.040000916 176.880004883 263.269989014 249.940002441
car 260.369995117 184.88999939 356.160003662 228.11000061
car 409.839996338 176.320007324 462.179992676 203.419998169
car 441.540008545 170.830001831 479.470001221 199.759994507
car 479.959991455 173.009994507 515.130004883 193.210006714
car 523.900024414 173.320007324 557.5 188.460006714
car 9.80000019073 181.220001221 135.970001221 239.240005493
