car 596.450012207 182.830001831 659.5 234.460006714
car 225.960006714 177.330001831 442.5 306.470001221
car 292.790008545 181.929992676 465.559997559 270.019989014
car 434.549987793 181.25 548.849975586 227.850006104
car 476.579986572 177.169998169 550.130004883 212.539993286
car 492.320007324 178.460006714 565.590026855 210.070007324
car 939.210021973 209.300003052 1241.0 374.0
car 772.960021973 174.38999939 963.570007324 290.959991455
car 728.91998291 184.570007324 821.969970703 244.580001831
car 705.789978027 183.940002441 772.559997559 228.509994507
car 692.799987793 173.649993896 752.0 218.550003052
car 0.0 185.619995117 237.25 281.510009766
car 608.460021973 176.25 645.25 209.800003052
car 0.0 170.470001221 65.0599975586 237.589996338
car 198.210006714 181.509994507 341.350006104 246.649993896
pedestrian 737.729980469 181.169998169 779.070007324 264.769989014
pedestrian 679.950012207 176.440002441 694.280029297 204.580001831
