car 1094.29003906 183.86000061 1223.0 235.11000061
car 1032.5300293 183.929992676 1156.89001465 232.690002441
car 952.900024414 181.710006714 1068.77001953 234.229995728
car 602.5 172.63999939 636.570007324 202.960006714
pedestrian 182.210006714 148.940002441 198.550003052 196.339996338
pedestrian 122.910003662 149.220001221 159.240005493 235.429992676
pedestrian 249.979995728 155.089996338 270.649993896 210.63999939
pedestrian 209.089996338 151.839996338 233.089996338 208.13999939
pedestrian 617.710021973 153.720001221 664.380004883 296.600006104
pedestrian 652.359985352 150.830001831 712.359985352 285.809997559
pedestrian 711.869995117 145.270004272 782.539978027 302.570007324
pedestrian 977.349975586 153.779998779 1092.34997559 369.0
pedestrian 982.570007324 147.800003052 1104.23999023 369.0
pedestrian 1023.03997803 160.36000061 1130.36999512 351.799987793
pedestrian 709.909973145 149.080001831 768.909973145 320.929992676
cyclist 497.339996338 165.410003662 549.510009766 244.279998779
cyclist 544.940002441 159.660003662 605.5 237.130004883
cyclist 479.380004883 168.339996338 500.290008545 205.710006714
