pedestrian 643.299987793 145.580001831 662.969970703 202.580001831
pedestrian 246.619995117 138.929992676 279.619995117 259.239990234
pedestrian 1001.20001221 131.039993286 1223.0 369.0
pedestrian 681.5 138.350006104 720.159973145 210.830001831
pedestrian 635.429992676 127.800003052 813.25 369.0
pedestrian 659.450012207 166.399993896 799.210021973 369.0
pedestrian 724.619995117 137.740005493 790.619995117 369.0
pedestrian 788.83001709 179.830001831 874.159973145 369.0
pedestrian 825.840026855 147.070007324 887.840026855 369.0
pedestrian 922.950012207 160.38999939 1012.28997803 369.0
pedestrian 322.119995117 165.399993896 419.450012207 369.0
pedestrian 540.150024414 145.619995117 596.809997559 282.730010986
pedestrian 649.380004883 150.429992676 696.380004883 276.970001221
pedestrian 665.090026855 138.809997559 748.41998291 275.200012207
pedestrian 739.969970703 137.830001831 812.770019531 265.609985352
