car 742.320007324 168.570007324 994.690002441 348.559997559
car 0.0 198.199996948 168.570007324 374.0
car 0.0 184.470001221 288.679992676 334.130004883
car 37.8300018311 193.050003052 337.320007324 297.230010986
car 694.489990234 184.330001831 817.270019531 264.220001221
car 663.75 174.240005493 725.559997559 228.479995728
car 333.480010986 179.399993896 483.630004883 233.330001831
car 377.320007324 170.300003052 477.540008545 224.61000061
car 433.059997559 180.479995728 518.320007324 213.720001221
car 644.549987793 178.929992676 679.640014648 207.270004272
