car 586.75 181.949996948 643.090026855 227.63999939
car 0.0 141.649993896 265.959991455 374.0
car 268.309997559 182.490005493 443.820007324 269.510009766
car 344.959991455 168.039993286 496.200012207 252.470001221
car 412.779998779 184.949996948 529.760009766 231.490005493
car 429.480010986 182.0 533.539978027 224.259994507
car 467.519989014 181.509994507 541.809997559 211.809997559
car 490.679992676 178.839996338 555.960021973 206.279998779
car 654.059997559 180.779998779 684.020019531 204.86000061
car 588.75 178.830001831 624.33001709 210.479995728
car 220.089996338 176.470001221 302.790008545 219.059997559
