car 945.130004883 177.690002441 1241.0 374.0
car 0.0 199.63999939 230.339996338 374.0
car 330.459991455 186.130004883 442.079986572 254.339996338
car 400.850006104 186.020004272 477.970001221 233.929992676
car 443.010009766 183.759994507 497.489990234 222.720001221
car 471.309997559 182.88999939 518.510009766 214.38999939
car 782.770019531 154.410003662 889.679992676 195.339996338
car 756.289978027 156.100006104 835.900024414 191.899993896
car 1107.57995605 133.229995728 1241.0 173.320007324
car 1065.54003906 135.259994507 1196.73999023 175.009994507
car 1036.69995117 140.169998169 1164.17004395 173.820007324
car 1011.2199707 141.36000061 1128.70996094 173.61000061
car 501.920013428 180.86000061 540.940002441 206.63999939
car 665.640014648 171.649993896 705.020019531 202.589996338
