car 594.530029297 181.399993896 659.140014648 234.039993286
car 0.0 157.910003662 251.300003052 374.0
car 130.830001831 181.75 390.290008545 317.179992676
car 240.369995117 184.020004272 463.829986572 281.549987793
car 401.269989014 176.520004272 522.380004883 237.380004883
car 483.980010986 174.600006104 564.880004883 206.929992676
car 747.789978027 187.130004883 884.75 268.089996338
car 708.590026855 172.089996338 793.520019531 233.039993286
car 601.239990234 176.220001221 639.119995117 210.759994507
car 132.970001221 170.199996948 256.190002441 217.169998169
pedestrian 692.179992676 176.509994507 712.849975586 227.149993896
