car 683.349975586 179.020004272 770.25 248.679992676
car 659.070007324 171.289993286 725.400024414 230.899993896
car 648.349975586 169.88999939 701.219970703 220.309997559
car 538.770019531 170.509994507 561.369995117 193.740005493
car 486.890014648 178.61000061 525.25 209.119995117
car 370.489990234 183.679992676 463.649993896 246.470001221
pedestrian 803.099975586 163.770004272 834.099975586 239.419998169
pedestrian 610.479980469 168.020004272 622.140014648 195.970001221
pedestrian 617.409973145 169.580001831 628.409973145 196.779998779
cyclist 466.559997559 174.25 500.339996338 246.679992676
cyclist 496.829986572 171.350006104 518.989990234 225.220001221
