car 1095.30004883 184.710006714 1223.0 236.050003052
car 1032.2199707 183.850006104 1157.30004883 232.619995117
car 952.739990234 181.830001831 1068.68005371 234.369995117
car 602.530029297 172.509994507 636.679992676 202.830001831
pedestrian 979.179992676 151.240005493 1081.23999023 345.609985352
pedestrian 189.979995728 151.86000061 206.119995117 198.490005493
pedestrian 272.640014648 154.910003662 289.190002441 196.13999939
pedestrian 298.730010986 158.259994507 327.829986572 243.399993896
pedestrian 339.820007324 158.259994507 366.769989014 240.059997559
pedestrian 351.609985352 157.38999939 412.040008545 245.440002441
pedestrian 460.690002441 155.160003662 506.660003662 267.899993896
pedestrian 506.690002441 159.449996948 549.210021973 259.730010986
pedestrian 320.899993896 158.289993286 360.880004883 262.709991455
pedestrian 367.679992676 159.190002441 404.339996338 259.720001221
pedestrian 399.890014648 164.009994507 436.239990234 253.270004272
pedestrian 305.149993896 157.990005493 360.799987793 248.119995117
