car 301.190002441 152.649993896 512.890014648 299.179992676
car 371.809997559 150.190002441 473.019989014 231.729995728
pedestrian 562.909973145 163.550003052 590.909973145 239.940002441
pedestrian 611.280029297 159.75 641.940002441 240.100006104
pedestrian 342.399993896 165.320007324 367.730010986 238.419998169
pedestrian 549.929992676 166.160003662 578.929992676 251.199996948
pedestrian 678.820007324 146.259994507 750.479980469 331.019989014
pedestrian 1162.7800293 134.25 1235.10998535 308.619995117
pedestrian 618.950012207 160.529998779 654.280029297 247.970001221
pedestrian 747.700012207 160.580001831 807.700012207 300.609985352
