car 981.159973145 196.990005493 1241.0 374.0
car 901.909973145 140.350006104 1173.40002441 359.220001221
car 340.100006104 181.429992676 417.619995117 225.880004883
car 241.649993896 165.86000061 338.640014648 226.919998169
car 469.140014648 170.789993286 510.309997559 203.729995728
car 697.770019531 170.399993896 772.739990234 212.199996948
car 582.429992676 163.690002441 616.010009766 192.559997559
car 750.309997559 167.479995728 828.599975586 211.839996338
car 75.8799972534 185.570007324 199.679992676 232.699996948
car 0.0 192.990005493 67.8099975586 235.479995728
