car 589.950012207 171.130004883 657.0 234.5
car 996.380004883 176.339996338 1241.0 374.0
car 855.880004883 156.190002441 1090.20996094 305.839996338
car 685.020019531 169.63999939 798.510009766 219.259994507
car 660.460021973 168.169998169 728.41998291 196.410003662
car 655.33001709 169.63999939 702.609985352 191.470001221
car 194.009994507 173.330001831 321.230010986 233.520004272
car 296.299987793 176.38999939 378.320007324 220.759994507
car 365.25 181.229995728 423.420013428 210.36000061
car 448.5 174.050003052 488.239990234 195.36000061
car 224.020004272 178.960006714 290.440002441 215.759994507
