car 409.820007324 154.029998779 466.820007324 197.369995117
car 450.25 163.36000061 506.480010986 195.589996338
car 499.339996338 163.589996338 565.429992676 191.460006714
car 683.570007324 161.63999939 732.0 185.380004883
car 723.890014648 159.220001221 776.450012207 184.460006714
car 752.409973145 164.770004272 811.960021973 184.720001221
car 789.200012207 164.449996948 833.309997559 184.559997559
car 811.239990234 165.779998779 860.369995117 184.75
car 832.820007324 162.979995728 890.400024414 182.800003052
car 902.070007324 161.520004272 956.530029297 180.220001221
car 927.630004883 162.460006714 975.409973145 179.600006104
pedestrian 453.309997559 161.410003662 468.640014648 199.600006104
