car 594.059997559 175.0 638.280029297 216.830001831
car 875.349975586 161.589996338 1179.82995605 374.0
car 779.260009766 173.789993286 1018.36999512 298.440002441
car 737.41998291 166.350006104 923.260009766 262.559997559
car 728.530029297 175.520004272 864.489990234 242.899993896
car 701.099975586 174.630004883 831.809997559 227.190002441
car 521.770019531 178.330001831 544.030029297 193.5
car 450.630004883 182.789993286 497.019989014 213.919998169
car 669.0 172.559997559 758.640014648 208.270004272
car 651.940002441 173.580001831 723.549987793 201.059997559
car 459.269989014 176.100006104 491.140014648 197.449996948
car 437.380004883 176.75 458.140014648 192.960006714
