car 601.429992676 182.490005493 684.099975586 261.160003662
car 732.090026855 175.149993896 871.900024414 242.710006714
car 693.200012207 180.399993896 774.58001709 221.050003052
car 670.460021973 181.949996948 742.25 211.940002441
car 0.0 205.300003052 152.759994507 299.100006104
car 445.040008545 185.759994507 502.739990234 222.11000061
car 533.950012207 182.089996338 567.859985352 206.25
car 578.340026855 180.529998779 601.979980469 198.720001221
car 320.600006104 190.669998169 403.200012207 231.470001221
car 379.429992676 181.979995728 436.140014648 221.380004883
car 442.380004883 183.449996948 487.730010986 209.649993896
car 503.940002441 184.740005493 546.270019531 203.470001221
car 188.309997559 187.339996338 277.489990234 228.770004272
car 175.839996338 186.039993286 269.059997559 216.369995117
