car 1176.80004883 152.25 1241.0 304.640014648
car 113.620002747 199.729995728 357.75 316.209991455
car 845.690002441 184.0 1241.0 374.0
car 743.5 177.63999939 925.369995117 301.010009766
car 313.350006104 191.11000061 425.459991455 262.739990234
car 690.66998291 180.990005493 773.340026855 236.339996338
car 420.980010986 186.089996338 494.890014648 231.089996338
car 669.929992676 181.869995117 734.25 224.970001221
car 492.510009766 180.059997559 528.91998291 208.699996948
car 653.840026855 177.61000061 697.609985352 210.38999939
car 543.030029297 175.080001831 590.630004883 192.100006104
