car 552.479980469 180.550003052 602.08001709 219.130004883
car 0.0 208.759994507 447.119995117 374.0
car 337.570007324 183.529998779 515.219970703 307.459991455
car 235.619995117 178.289993286 410.630004883 257.579986572
car 364.0 182.240005493 474.609985352 222.619995117
car 403.730010986 178.130004883 489.459991455 217.190002441
car 441.119995117 180.259994507 517.940002441 209.070007324
car 654.460021973 179.410003662 727.650024414 236.429992676
car 632.820007324 179.009994507 681.820007324 215.690002441
car 122.669998169 182.13999939 236.61000061 225.710006714
car 559.559997559 176.770004272 594.039978027 207.070007324
