car 1133.55004883 189.009994507 1241.0 374.0
car 150.070007324 203.869995117 452.410003662 371.140014648
car 779.159973145 184.720001221 907.030029297 272.549987793
car 749.130004883 182.080001831 838.940002441 241.669998169
car 480.359985352 186.61000061 566.059997559 247.179992676
car 525.369995117 185.11000061 584.789978027 229.979995728
car 729.429992676 182.63999939 792.590026855 228.61000061
car 558.820007324 179.740005493 605.450012207 219.75
car 599.369995117 180.460006714 644.489990234 211.309997559
car 680.5 180.070007324 728.239990234 203.410003662
pedestrian 822.340026855 160.660003662 848.679992676 230.880004883
