car 280.179992676 153.25 345.690002441 203.550003052
car 328.950012207 164.119995117 393.760009766 200.86000061
car 386.869995117 164.820007324 461.600006104 196.169998169
car 593.150024414 163.679992676 645.229980469 189.11000061
car 635.159973145 161.089996338 690.070007324 187.729995728
car 665.299987793 166.63999939 725.5 187.399993896
car 703.299987793 166.669998169 747.33001709 187.550003052
car 724.619995117 167.38999939 774.729980469 187.089996338
car 745.849975586 165.630004883 803.679992676 185.910003662
car 814.099975586 164.259994507 867.0 183.059997559
car 835.530029297 163.460006714 881.369995117 180.630004883
pedestrian 310.839996338 161.179992676 331.170013428 205.740005493
