car 64.8899993896 205.339996338 433.149993896 374.0
car 340.579986572 191.350006104 515.270019531 306.260009766
car 765.179992676 176.960006714 920.58001709 304.029998779
car 477.290008545 177.929992676 549.190002441 240.100006104
car 495.980010986 181.089996338 570.070007324 225.470001221
car 592.260009766 165.5 657.820007324 187.529998779
car 772.739990234 178.070007324 886.039978027 259.720001221
car 822.710021973 168.350006104 933.520019531 235.11000061
car 741.559997559 164.020004272 860.099975586 208.509994507
car 1053.38000488 161.600006104 1176.92004395 213.089996338
car 975.849975586 162.589996338 1076.13000488 195.899993896
