car 0.0 224.119995117 114.25 374.0
car 1104.33996582 150.470001221 1241.0 297.010009766
car 164.210006714 198.179992676 376.25 302.209991455
car 814.440002441 183.36000061 1214.89001465 374.0
car 733.070007324 177.240005493 891.099975586 287.190002441
car 333.369995117 190.800003052 435.779998779 257.630004883
car 687.299987793 180.770004272 764.58001709 232.990005493
car 429.209991455 186.100006104 498.929992676 229.130004883
car 667.450012207 181.63999939 728.630004883 222.869995117
car 495.950012207 180.820007324 531.179992676 208.699996948
car 652.369995117 178.449996948 694.570007324 210.179992676
car 550.91998291 174.869995117 595.849975586 191.679992676
