pedestrian 642.489990234 145.679992676 664.83001709 202.479995728
pedestrian 252.089996338 138.199996948 291.220001221 258.470001221
pedestrian 1007.01000977 144.419998169 1129.65002441 369.0
pedestrian 882.849975586 136.580001831 996.340026855 369.0
pedestrian 746.520019531 145.470001221 784.280029297 219.669998169
pedestrian 576.570007324 129.720001221 670.109985352 369.0
pedestrian 603.909973145 165.979995728 669.599975586 366.980010986
pedestrian 673.450012207 139.130004883 737.83001709 359.890014648
pedestrian 720.08001709 173.990005493 780.549987793 351.010009766
pedestrian 759.08001709 148.86000061 824.869995117 336.940002441
pedestrian 835.590026855 161.440002441 901.640014648 346.109985352
pedestrian 271.369995117 165.600006104 349.489990234 349.619995117
pedestrian 526.200012207 140.779998779 574.070007324 261.779998779
pedestrian 602.270019531 148.669998169 661.219970703 260.799987793
pedestrian 637.989990234 138.720001221 700.609985352 259.510009766
pedestrian 705.780029297 139.580001831 767.989990234 253.100006104
