car 531.679992676 181.520004272 554.679992676 202.149993896
car 231.309997559 178.399993896 287.190002441 207.970001221
car 276.940002441 181.61000061 325.0 204.619995117
car 988.380004883 194.130004883 1081.4699707 227.289993286
car 317.970001221 181.949996948 357.209991455 202.850006104
car 548.460021973 179.729995728 569.099975586 196.369995117
car 564.929992676 178.809997559 617.280029297 230.970001221
car 163.509994507 182.380004883 236.919998169 212.38999939
car 1077.90002441 196.279998779 1154.68994141 226.850006104
cyclist 869.510009766 185.419998169 895.219970703 227.800003052
