car 250.710006714 192.429992676 403.010009766 280.420013428
car 356.019989014 189.63999939 452.480010986 247.279998779
car 412.940002441 187.460006714 478.359985352 232.679992676
car 449.079986572 185.419998169 503.920013428 220.979995728
car 798.890014648 152.779998779 920.630004883 199.0
car 769.190002441 156.210006714 858.070007324 195.88999939
car 1163.38000488 129.229995728 1241.0 173.699996948
car 1112.13000488 133.710006714 1241.0 177.720001221
car 1076.54003906 139.220001221 1220.23999023 176.369995117
car 1046.86999512 139.570007324 1177.60998535 174.869995117
car 486.920013428 183.399993896 530.340026855 211.919998169
car 666.179992676 172.789993286 710.510009766 207.149993896
