car 875.099975586 191.199996948 1241.0 374.0
car 353.299987793 178.440002441 465.980010986 222.839996338
car 639.989990234 169.179992676 726.75 202.160003662
car 850.570007324 167.850006104 949.989990234 196.740005493
car 501.029998779 177.259994507 572.929992676 206.720001221
car 224.570007324 182.009994507 307.329986572 214.089996338
car 569.75 174.559997559 594.479980469 191.220001221
car 531.150024414 176.410003662 560.179992676 193.619995117
pedestrian 425.920013428 169.490005493 443.980010986 230.300003052
cyclist 933.289978027 166.880004883 1045.52001953 247.210006714
