car 584.969970703 181.740005493 640.859985352 227.380004883
car 124.050003052 181.880004883 352.290008545 323.899993896
car 246.5 179.009994507 437.890014648 278.329986572
car 371.910003662 178.830001831 507.299987793 234.029998779
car 410.910003662 175.949996948 517.700012207 225.740005493
car 448.959991455 179.229995728 534.479980469 214.789993286
car 847.150024414 157.009994507 1241.0 374.0
car 864.159973145 174.529998779 1040.9699707 242.419998169
car 591.609985352 177.539993286 626.219970703 209.11000061
car 0.0 179.710006714 82.0999984741 294.630004883
car 41.2000007629 183.990005493 240.88999939 274.890014648
car 215.949996948 168.669998169 306.429992676 210.279998779
pedestrian 723.200012207 175.820007324 746.859985352 233.419998169
