car 0.0 188.320007324 96.1500015259 374.0
car 0.0 177.869995117 293.899993896 305.649993896
car 55.9199981689 151.699996948 354.739990234 278.420013428
car 1019.39001465 188.050003052 1241.0 374.0
car 933.760009766 185.740005493 1235.54003906 320.220001221
car 829.650024414 182.580001831 1127.52001953 291.549987793
car 770.840026855 185.240005493 1014.05999756 264.570007324
car 763.309997559 170.509994507 952.099975586 251.740005493
car 318.510009766 182.25 465.339996338 230.029998779
car 363.160003662 180.410003662 484.959991455 222.759994507
car 631.33001709 178.490005493 681.320007324 215.380004883
car 618.969970703 177.080001831 647.320007324 201.119995117
cyclist 485.709991455 175.740005493 511.959991455 231.820007324
