car 571.650024414 174.130004883 765.140014648 356.679992676
car 1114.34997559 169.220001221 1241.0 374.0
car 716.929992676 168.649993896 838.020019531 224.559997559
car 687.309997559 173.419998169 760.429992676 208.880004883
car 667.799987793 174.410003662 733.960021973 201.229995728
car 549.380004883 175.479995728 576.650024414 194.059997559
car 54.5800018311 193.210006714 238.289993286 265.019989014
car 603.710021973 172.539993286 626.590026855 186.649993896
car 354.429992676 181.289993286 427.339996338 216.289993286
car 403.399993896 173.199996948 453.190002441 208.899993896
car 457.890014648 175.710006714 501.079986572 199.770004272
car 515.030029297 176.63999939 553.030029297 193.929992676
car 238.899993896 178.880004883 315.260009766 214.729995728
car 224.720001221 178.809997559 305.799987793 205.369995117
