car 598.809997559 177.75 622.609985352 200.38999939
car 818.989990234 184.320007324 1241.0 374.0
car 539.849975586 178.789993286 574.270019531 207.029998779
car 705.75 181.660003662 812.83001709 260.630004883
car 674.909973145 175.630004883 758.549987793 241.429992676
car 668.489990234 171.710006714 726.520019531 226.529998779
car 649.570007324 178.660003662 693.570007324 213.179992676
car 638.619995117 177.080001831 664.280029297 200.179992676
car 418.190002441 182.850006104 475.230010986 204.229995728
car 339.690002441 183.699996948 403.910003662 206.029998779
pedestrian 742.780029297 162.210006714 764.780029297 218.679992676
