car 542.489990234 180.660003662 595.429992676 221.690002441
pedestrian 786.780029297 169.820007324 848.119995117 344.549987793
pedestrian 305.890014648 170.660003662 368.890014648 336.399993896
pedestrian 186.229995728 172.690002441 258.559997559 328.429992676
pedestrian 1058.01000977 156.080001831 1149.33996582 346.559997559
pedestrian 979.83001709 164.839996338 1061.17004395 351.519989014
pedestrian 644.559997559 171.220001221 673.559997559 251.259994507
pedestrian 770.200012207 182.559997559 836.150024414 326.230010986
pedestrian 718.489990234 182.309997559 762.159973145 305.809997559
pedestrian 698.91998291 181.869995117 736.91998291 289.670013428
pedestrian 771.349975586 171.809997559 832.729980469 276.890014648
pedestrian 730.989990234 183.429992676 769.989990234 289.839996338
pedestrian 789.640014648 163.080001831 837.83001709 248.38999939
