car 54.8499984741 194.789993286 365.730010986 364.0
car 666.739990234 177.949996948 746.219970703 239.220001221
car 240.399993896 181.820007324 378.820007324 233.059997559
car 727.770019531 184.5 862.979980469 280.049987793
car 658.929992676 177.660003662 712.780029297 223.75
car 452.910003662 183.449996948 513.609985352 226.740005493
car 481.399993896 172.089996338 529.549987793 213.13999939
car 760.289978027 188.509994507 1016.7199707 352.170013428
car 507.329986572 174.820007324 545.700012207 208.539993286
car 536.950012207 181.619995117 558.460021973 195.419998169
