car 0.0 177.690002441 263.690002441 318.089996338
car 7.15000009537 150.11000061 335.420013428 287.869995117
car 1080.65002441 191.039993286 1241.0 374.0
car 969.630004883 186.199996948 1241.0 338.690002441
car 848.119995117 183.309997559 1177.43994141 303.190002441
car 780.91998291 185.720001221 1043.41003418 271.209991455
car 771.229980469 170.289993286 972.619995117 256.649993896
car 305.640014648 182.429992676 459.200012207 232.270004272
car 352.25 180.789993286 479.130004883 224.800003052
car 631.140014648 178.509994507 682.940002441 216.699996948
car 618.460021973 177.179992676 647.489990234 201.75
cyclist 476.480010986 176.75 505.079986572 236.729995728
