car 795.650024414 200.039993286 1241.0 374.0
car 0.0 207.119995117 378.429992676 374.0
car 279.209991455 196.479995728 442.720001221 310.190002441
car 386.049987793 196.740005493 496.519989014 271.290008545
car 728.640014648 187.169998169 921.5 307.269989014
car 701.309997559 185.809997559 798.299987793 258.809997559
car 926.729980469 158.449996948 1075.54003906 223.36000061
car 640.719970703 184.229995728 684.109985352 214.759994507
car 594.030029297 187.669998169 628.909973145 207.839996338
car 556.650024414 184.61000061 597.340026855 202.029998779
cyclist 503.75 182.880004883 523.41998291 203.86000061
