car 0.0 204.169998169 378.010009766 374.0
car 806.950012207 184.589996338 1241.0 374.0
car 711.109985352 183.75 910.640014648 301.980010986
car 288.839996338 198.789993286 473.040008545 309.570007324
car 402.190002441 188.529998779 492.890014648 257.380004883
car 451.609985352 188.649993896 523.989990234 240.130004883
car 689.66998291 180.029998779 796.33001709 250.910003662
car 678.929992676 178.990005493 746.789978027 230.589996338
car 866.039978027 158.300003052 978.75 209.990005493
car 637.440002441 179.520004272 674.960021973 205.559997559
car 595.840026855 182.320007324 626.16998291 200.119995117
car 561.760009766 180.020004272 598.729980469 195.88999939
cyclist 530.020019531 178.839996338 545.609985352 196.809997559
