car 714.299987793 162.179992676 909.820007324 308.100006104
car 0.0 188.679992676 94.9199981689 374.0
car 0.0 186.309997559 276.540008545 342.570007324
car 1.20000004768 186.380004883 331.519989014 299.899993896
car 125.690002441 180.490005493 362.970001221 271.0
car 234.38999939 161.449996948 448.690002441 247.86000061
car 213.619995117 175.899993896 402.609985352 260.790008545
car 687.530029297 181.699996948 794.369995117 253.529998779
car 289.410003662 164.470001221 439.0 237.279998779
car 338.929992676 172.460006714 480.279998779 225.990005493
car 645.530029297 177.199996948 687.66998291 210.36000061
car 669.880004883 177.13999939 742.340026855 233.520004272
