car 81.1500015259 193.259994507 408.559997559 374.0
car 769.119995117 176.919998169 1149.05004883 374.0
car 696.820007324 175.690002441 863.150024414 276.220001221
car 326.940002441 188.779998779 481.839996338 281.709991455
car 415.429992676 182.380004883 497.410003662 244.179992676
car 459.890014648 179.559997559 526.66998291 226.25
car 681.109985352 173.490005493 776.239990234 237.75
car 671.91998291 170.729995728 734.719970703 218.919998169
car 850.530029297 148.429992676 956.619995117 197.910003662
car 633.91998291 171.699996948 670.030029297 196.820007324
car 593.159973145 173.929992676 622.289978027 191.210006714
car 559.760009766 172.559997559 595.989990234 187.839996338
cyclist 533.590026855 172.070007324 549.020019531 189.410003662
