car 0.0 196.38999939 333.170013428 374.0
car 1041.05004883 204.419998169 1241.0 374.0
car 272.619995117 189.36000061 434.440002441 280.940002441
car 815.880004883 185.960006714 1088.58996582 346.320007324
car 372.679992676 186.619995117 483.600006104 247.960006714
car 736.030029297 178.470001221 883.440002441 271.200012207
car 501.230010986 179.600006104 545.320007324 211.460006714
car 712.479980469 178.0 801.799987793 242.11000061
car 701.16998291 176.479995728 763.960021973 225.020004272
car 686.900024414 176.559997559 740.58001709 215.339996338
