car 588.690002441 175.850006104 613.099975586 199.070007324
car 449.700012207 183.580001831 532.039978027 244.710006714
car 847.140014648 186.88999939 1241.0 374.0
car 730.590026855 174.820007324 965.599975586 337.880004883
car 701.929992676 171.600006104 817.820007324 275.559997559
car 659.539978027 178.050003052 728.059997559 230.369995117
car 636.609985352 177.570007324 670.690002441 207.570007324
car 650.039978027 176.580001831 701.41998291 220.580001831
car 359.890014648 183.669998169 433.75 210.679992676
car 260.600006104 183.899993896 343.829986572 212.100006104
car 626.590026855 176.550003052 650.359985352 196.479995728
pedestrian 802.210021973 156.0 831.460021973 248.740005493
