car 527.690002441 169.690002441 557.799987793 193.020004272
pedestrian 778.890014648 150.38999939 860.960021973 366.059997559
pedestrian 974.869995117 118.779998779 1036.18005371 299.820007324
pedestrian 1113.59997559 130.070007324 1159.56994629 300.670013428
pedestrian 503.429992676 166.080001831 525.309997559 241.61000061
pedestrian 477.75 168.559997559 502.160003662 239.960006714
pedestrian 566.91998291 164.910003662 590.150024414 233.13999939
pedestrian 594.789978027 163.440002441 613.159973145 214.86000061
pedestrian 612.929992676 165.38999939 631.679992676 230.789993286
pedestrian 684.159973145 158.800003052 703.070007324 216.330001831
pedestrian 474.929992676 164.910003662 515.270019531 230.38999939
pedestrian 634.270019531 165.649993896 652.210021973 224.75
