pedestrian 943.809997559 125.38999939 1054.22998047 369.0
pedestrian 903.679992676 149.350006104 925.450012207 209.5
pedestrian 602.640014648 155.119995117 651.91998291 277.190002441
pedestrian 553.719970703 155.529998779 596.460021973 272.140014648
pedestrian 561.760009766 144.470001221 609.960021973 275.220001221
pedestrian 877.179992676 151.0 906.200012207 224.419998169
pedestrian 1091.79003906 146.059997559 1122.0300293 229.229995728
pedestrian 1116.2199707 137.679992676 1151.91003418 232.820007324
pedestrian 1117.15002441 152.669998169 1142.45996094 230.910003662
cyclist 815.0 146.669998169 849.690002441 251.720001221
