car 242.710006714 183.619995117 532.710021973 358.660003662
car 877.820007324 201.380004883 1241.0 374.0
car 794.460021973 181.509994507 1080.38000488 370.089996338
car 1156.83996582 143.169998169 1241.0 227.440002441
car 439.279998779 180.830001831 538.210021973 250.330001831
car 490.399993896 179.270004272 573.0 231.669998169
car 847.25 168.619995117 936.380004883 210.679992676
car 822.58001709 168.729995728 898.780029297 207.630004883
car 702.599975586 176.570007324 756.289978027 218.910003662
car 554.650024414 173.759994507 603.690002441 209.460006714
car 750.559997559 165.36000061 811.210021973 192.130004883
