car 520.809997559 173.830001831 549.979980469 196.550003052
pedestrian 1147.69995117 119.13999939 1237.0 373.0
pedestrian 727.0 155.839996338 800.619995117 347.230010986
pedestrian 950.030029297 123.940002441 1011.80999756 289.399993896
pedestrian 1030.7800293 136.130004883 1080.39001465 282.380004883
pedestrian 500.529998779 167.25 518.979980469 236.490005493
pedestrian 477.190002441 173.100006104 497.890014648 238.5
pedestrian 561.159973145 168.050003052 583.75 234.369995117
pedestrian 585.25 166.61000061 604.789978027 216.850006104
pedestrian 602.599975586 168.679992676 621.179992676 232.38999939
pedestrian 494.390014648 168.289993286 516.549987793 231.580001831
cyclist 0.0 144.720001221 297.450012207 373.0
