car 597.359985352 179.770004272 620.979980469 202.240005493
car 833.849975586 202.779998779 1241.0 374.0
car 738.400024414 184.149993896 957.640014648 327.420013428
car 549.150024414 182.479995728 577.320007324 205.940002441
car 685.869995117 182.570007324 763.280029297 242.789993286
car 663.390014648 177.029998779 729.070007324 230.240005493
car 643.859985352 177.089996338 682.140014648 207.490005493
car 431.730010986 183.630004883 484.209991455 203.440002441
car 358.890014648 184.919998169 417.920013428 205.589996338
pedestrian 726.450012207 166.940002441 744.109985352 215.830001831
