car 591.570007324 174.979995728 639.179992676 220.020004272
car 971.840026855 183.740005493 1241.0 374.0
car 418.320007324 184.75 475.049987793 218.710006714
car 721.75 170.119995117 882.859985352 242.429992676
car 676.460021973 175.089996338 792.010009766 222.449996948
car 402.480010986 177.38999939 450.200012207 206.539993286
car 432.119995117 175.199996948 469.850006104 199.630004883
car 493.040008545 178.13999939 518.049987793 193.039993286
car 381.380004883 178.080001831 411.260009766 199.380004883
car 153.630004883 179.5 192.679992676 203.570007324
