car 597.090026855 177.330001831 659.799987793 228.190002441
car 0.0 178.699996948 274.100006104 374.0
car 153.339996338 179.039993286 382.839996338 324.859985352
car 387.049987793 178.279998779 529.590026855 238.179992676
car 451.570007324 174.830001831 538.08001709 217.089996338
car 470.200012207 175.759994507 555.229980469 212.869995117
car 850.609985352 170.039993286 1241.0 374.0
car 762.890014648 184.63999939 902.659973145 267.869995117
car 725.219970703 183.11000061 815.270019531 239.770004272
car 704.349975586 169.169998169 779.16998291 223.630004883
car 175.240005493 178.669998169 343.649993896 248.649993896
car 299.570007324 176.039993286 403.839996338 226.970001221
car 607.719970703 169.660003662 644.099975586 202.839996338
car 1.20000004768 181.919998169 236.289993286 278.489990234
car 99.0899963379 173.559997559 218.539993286 227.61000061
pedestrian 805.840026855 178.800003052 864.840026855 304.829986572
pedestrian 691.309997559 172.600006104 702.309997559 204.419998169
