car 459.640014648 158.820007324 561.200012207 241.300003052
car 372.670013428 151.580001831 473.630004883 232.660003662
pedestrian 608.900024414 160.940002441 648.960021973 269.630004883
pedestrian 677.409973145 150.949996948 724.039978027 262.149993896
pedestrian 271.410003662 165.190002441 309.730010986 256.549987793
pedestrian 646.400024414 163.11000061 682.58001709 259.5
pedestrian 877.609985352 139.11000061 992.119995117 341.950012207
pedestrian 1161.31994629 133.300003052 1235.31994629 309.0
pedestrian 104.919998169 170.690002441 192.679992676 373.0
pedestrian 70.1600036621 165.169998169 157.699996948 373.0
pedestrian 785.530029297 146.460006714 835.340026855 261.540008545
pedestrian 1035.4699707 151.210006714 1125.81994629 331.480010986
