car 908.130004883 123.019996643 1241.0 335.299987793
car 328.339996338 178.229995728 443.739990234 257.769989014
car 375.510009766 170.86000061 532.16998291 277.269989014
car 829.440002441 143.229995728 985.690002441 200.759994507
car 982.83001709 143.660003662 1060.52001953 183.460006714
car 1022.63000488 147.570007324 1110.2800293 183.63999939
car 400.089996338 180.600006104 485.0 235.589996338
car 662.400024414 168.75 709.940002441 202.410003662
car 603.049987793 175.210006714 635.840026855 201.279998779
car 565.229980469 168.080001831 600.929992676 183.63999939
