car 700.809997559 188.729995728 814.25 268.450012207
car 0.0 180.479995728 219.259994507 296.920013428
car 247.009994507 188.38999939 446.579986572 308.529998779
car 436.420013428 180.279998779 514.049987793 237.63999939
car 652.440002441 180.990005493 706.820007324 221.300003052
car 481.230010986 182.820007324 534.900024414 221.960006714
car 381.829986572 183.330001831 441.440002441 218.75
car 437.230010986 183.279998779 478.75 210.070007324
car 527.940002441 182.820007324 554.320007324 202.619995117
car 586.33001709 179.690002441 610.840026855 202.699996948
car 626.820007324 180.850006104 648.390014648 200.050003052
car 617.059997559 180.699996948 635.700012207 197.399993896
