car 455.980010986 178.229995728 538.960021973 207.449996948
car 658.179992676 175.789993286 701.190002441 212.009994507
car 542.229980469 182.210006714 584.219970703 215.559997559
car 340.970001221 177.669998169 488.200012207 228.240005493
car 270.320007324 182.320007324 456.540008545 252.740005493
car 179.979995728 177.020004272 436.859985352 267.579986572
car 41.3400001526 172.580001831 317.609985352 281.920013428
car 0.0 149.330001831 314.220001221 327.440002441
car 701.570007324 190.740005493 802.799987793 257.700012207
car 765.559997559 202.550003052 1104.31994629 374.0
