car 0.0 189.350006104 155.830001831 366.119995117
car 896.41998291 185.050003052 1241.0 317.019989014
car 32.5999984741 179.729995728 355.420013428 287.690002441
car 641.010009766 180.600006104 673.559997559 204.0
car 446.070007324 176.5 534.619995117 208.919998169
car 709.91998291 179.130004883 816.989990234 219.059997559
car 348.489990234 172.259994507 487.410003662 229.979995728
car 306.209991455 184.720001221 474.489990234 246.589996338
car 177.699996948 181.550003052 426.070007324 268.440002441
car 784.58001709 180.589996338 939.440002441 243.729995728
car 812.58001709 189.279998779 991.789978027 255.63999939
