car 0.0 218.419998169 194.830001831 374.0
car 127.209999084 202.220001221 336.529998779 315.869995117
car 294.929992676 195.850006104 420.029998779 265.640014648
car 968.799987793 136.470001221 1241.0 232.690002441
car 935.099975586 138.789993286 1104.83996582 221.949996948
car 871.840026855 145.039993286 1039.27001953 215.600006104
car 814.869995117 154.839996338 963.030029297 211.919998169
car 399.970001221 188.660003662 480.019989014 235.210006714
car 687.469970703 175.61000061 777.510009766 237.149993896
car 672.909973145 173.570007324 734.090026855 223.539993286
