car 0.0 209.190002441 255.839996338 374.0
car 266.809997559 200.309997559 478.429992676 340.790008545
car 397.929992676 190.990005493 529.130004883 279.600006104
car 732.66998291 179.309997559 837.890014648 274.299987793
car 1065.61999512 149.630004883 1241.0 331.839996338
car 491.470001221 179.820007324 552.75 233.800003052
car 500.880004883 186.779998779 567.940002441 226.770004272
car 508.119995117 172.910003662 572.130004883 194.729995728
car 741.390014648 178.479995728 837.229980469 244.88999939
car 789.140014648 171.899993896 886.520019531 228.759994507
car 728.049987793 166.539993286 835.109985352 206.779998779
car 998.239990234 166.940002441 1106.09997559 212.300003052
car 939.640014648 165.600006104 1029.06994629 195.88999939
