car 589.109985352 173.259994507 648.890014648 221.850006104
car 145.080001831 181.809997559 426.109985352 321.130004883
car 345.220001221 171.979995728 477.119995117 240.880004883
car 388.239990234 172.529998779 512.130004883 229.050003052
car 442.600006104 170.410003662 540.33001709 208.740005493
car 960.380004883 193.119995117 1241.0 374.0
car 802.270019531 185.720001221 1034.52001953 309.809997559
car 744.200012207 161.399993896 881.150024414 254.619995117
car 800.41998291 166.289993286 925.229980469 214.050003052
car 0.0 175.490005493 240.210006714 272.619995117
car 597.190002441 167.699996948 632.590026855 200.0
car 173.800003052 172.449996948 310.600006104 243.36000061
car 268.160003662 173.86000061 372.540008545 227.63999939
pedestrian 698.609985352 168.220001221 717.270019531 210.839996338
