car 591.770019531 175.020004272 639.729980469 220.38999939
car 1055.75 187.039993286 1241.0 374.0
car 403.390014648 185.600006104 465.739990234 222.539993286
car 729.570007324 169.869995117 899.510009766 247.339996338
car 679.729980469 175.470001221 800.229980469 225.210006714
car 677.700012207 170.13999939 763.049987793 211.0
car 644.479980469 174.029998779 709.400024414 199.580001831
car 398.25 176.619995117 447.339996338 206.440002441
car 429.010009766 175.309997559 467.730010986 200.259994507
car 492.179992676 177.729995728 517.590026855 192.839996338
car 376.899993896 178.220001221 407.630004883 199.970001221
car 144.660003662 179.039993286 184.169998169 203.63999939
