car 465.320007324 177.080001831 543.739990234 204.899993896
car 657.369995117 174.270004272 697.739990234 208.520004272
car 547.479980469 180.75 586.890014648 211.970001221
car 364.25 177.160003662 498.940002441 223.63999939
car 308.600006104 176.869995117 473.980010986 239.710006714
car 236.520004272 177.059997559 458.100006104 256.0
car 130.220001221 173.839996338 359.040008545 266.299987793
car 14.5200004578 156.38999939 366.869995117 300.290008545
car 693.130004883 187.330001831 780.429992676 245.720001221
car 739.299987793 196.089996338 974.869995117 337.480010986
