car 1232.82995605 196.199996948 1241.0 374.0
car 716.559997559 183.179992676 931.58001709 319.070007324
car 211.88999939 200.589996338 375.119995117 299.470001221
car 634.869995117 175.660003662 748.369995117 259.670013428
car 293.880004883 189.550003052 408.420013428 261.470001221
car 575.440002441 183.199996948 631.450012207 224.25
car 406.859985352 188.679992676 451.040008545 221.470001221
car 553.090026855 183.800003052 589.020019531 213.190002441
pedestrian 406.630004883 177.869995117 418.739990234 209.020004272
pedestrian 397.130004883 182.970001221 407.899993896 214.25
cyclist 320.970001221 177.550003052 393.079986572 302.170013428
cyclist 393.420013428 183.179992676 448.779998779 282.239990234
