car 0.0 188.309997559 153.789993286 374.0
car 27.6700000763 157.039993286 343.279998779 293.559997559
car 746.559997559 195.100006104 1054.9699707 374.0
car 673.210021973 178.820007324 761.369995117 251.330001831
car 163.070007324 186.160003662 385.869995117 274.220001221
car 252.259994507 185.5 425.459991455 257.690002441
car 259.660003662 181.740005493 448.220001221 248.380004883
car 656.130004883 184.440002441 718.950012207 228.820007324
car 644.640014648 179.559997559 685.469970703 216.690002441
car 436.279998779 175.679992676 507.450012207 215.089996338
