car 578.289978027 179.460006714 634.890014648 225.490005493
car 0.0 147.279998779 324.0 374.0
car 279.399993896 182.5 465.5 267.730010986
car 323.5 179.919998169 481.179992676 249.229995728
car 408.910003662 176.830001831 510.619995117 219.929992676
car 452.200012207 175.429992676 537.630004883 212.009994507
car 717.559997559 184.460006714 833.109985352 257.920013428
car 662.010009766 182.309997559 705.210021973 213.970001221
car 589.229980469 175.770004272 625.070007324 208.470001221
car 0.0 168.649993896 151.759994507 234.289993286
car 278.679992676 177.089996338 344.019989014 205.11000061
