car 569.909973145 178.210006714 766.929992676 364.070007324
car 1164.36999512 177.899993896 1241.0 374.0
car 719.640014648 170.190002441 842.599975586 227.259994507
car 688.849975586 173.600006104 762.719970703 209.520004272
car 668.239990234 175.320007324 734.869995117 202.460006714
car 483.75 180.240005493 526.030029297 207.710006714
car 39.8499984741 194.380004883 230.050003052 268.880004883
car 568.400024414 174.88999939 596.119995117 192.100006104
car 352.570007324 182.339996338 425.720001221 217.850006104
car 402.380004883 174.970001221 452.0 211.020004272
car 457.459991455 176.850006104 501.070007324 201.13999939
car 514.700012207 177.589996338 554.570007324 194.899993896
car 234.270004272 180.190002441 311.950012207 216.690002441
car 220.539993286 179.979995728 302.820007324 206.970001221
