car 184.309997559 146.270004272 479.100006104 349.609985352
car 372.660003662 149.830001831 473.399993896 231.059997559
pedestrian 563.570007324 163.11000061 590.229980469 231.059997559
pedestrian 585.159973145 160.020004272 622.0 231.809997559
pedestrian 468.929992676 166.0 501.929992676 246.25
pedestrian 586.469970703 149.419998169 674.469970703 326.359985352
pedestrian 1148.2199707 132.580001831 1219.88000488 306.279998779
pedestrian 592.41998291 161.179992676 630.75 239.770004272
pedestrian 653.640014648 163.649993896 710.640014648 290.769989014
pedestrian 1078.0300293 126.290000916 1199.69995117 340.179992676
