car 704.450012207 163.179992676 837.390014648 210.679992676
car 1087.02001953 142.88999939 1221.16003418 181.050003052
car 1163.20996094 139.279998779 1241.0 183.679992676
car 1220.51000977 141.029998779 1241.0 188.919998169
car 968.640014648 149.399993896 1057.84997559 177.199996948
car 952.229980469 151.050003052 1038.93005371 177.339996338
car 507.320007324 176.559997559 547.380004883 208.88999939
car 578.309997559 172.619995117 605.66998291 193.36000061
car 861.559997559 152.229995728 901.200012207 176.910003662
car 892.679992676 153.559997559 936.33001709 176.169998169
car 656.66998291 169.460006714 686.219970703 189.960006714
