car 238.119995117 207.910003662 445.170013428 350.910003662
car 860.5 196.009994507 1241.0 374.0
car 723.91998291 194.869995117 941.710021973 344.910003662
car 676.83001709 196.330001831 798.780029297 279.190002441
car 376.720001221 206.149993896 494.820007324 285.859985352
car 438.899993896 203.270004272 506.890014648 259.609985352
car 470.019989014 203.710006714 528.179992676 248.690002441
car 666.299987793 193.899993896 745.369995117 251.960006714
car 658.479980469 195.990005493 713.039978027 240.789993286
car 824.789978027 173.61000061 919.590026855 218.300003052
car 625.950012207 194.960006714 659.679992676 219.630004883
car 555.609985352 193.649993896 590.690002441 209.190002441
cyclist 541.530029297 196.220001221 557.510009766 212.919998169
