car 384.890014648 157.470001221 540.690002441 269.209991455
car 372.980010986 151.179992676 474.040008545 232.699996948
pedestrian 575.739990234 164.5 607.409973145 252.270004272
pedestrian 648.66998291 156.789993286 686.340026855 247.990005493
pedestrian 320.429992676 165.580001831 350.429992676 245.330001831
pedestrian 616.780029297 164.86000061 647.450012207 253.940002441
pedestrian 748.0 143.169998169 853.659973145 336.320007324
pedestrian 1161.4699707 133.809997559 1236.4699707 308.820007324
pedestrian 702.33001709 155.220001221 731.33001709 253.789993286
pedestrian 866.609985352 156.229995728 940.280029297 311.519989014
