car 569.239990234 186.710006714 628.460021973 235.970001221
car 73.75 191.559997559 286.329986572 317.269989014
car 230.580001831 208.630004883 492.209991455 368.260009766
car 400.049987793 190.75 514.83001709 284.670013428
car 445.579986572 190.380004883 529.849975586 253.229995728
car 331.720001221 190.669998169 448.739990234 244.919998169
car 532.469970703 186.979995728 564.659973145 211.669998169
car 848.41998291 203.070007324 1241.0 374.0
car 728.270019531 202.380004883 982.859985352 358.859985352
car 690.369995117 183.309997559 801.150024414 271.040008545
car 631.520019531 186.240005493 675.770019531 219.470001221
car 217.880004883 186.399993896 299.019989014 219.740005493
car 574.030029297 184.470001221 611.320007324 218.970001221
car 44.5 189.869995117 174.330001831 239.279998779
