car 591.25 169.940002441 651.799987793 219.160003662
car 212.080001831 174.839996338 454.820007324 288.600006104
car 370.350006104 167.179992676 491.660003662 229.529998779
car 406.179992676 167.690002441 521.83001709 219.690002441
car 453.390014648 166.809997559 545.630004883 202.919998169
car 895.770019531 186.559997559 1241.0 374.0
car 782.08001709 179.61000061 968.5 281.380004883
car 734.359985352 156.729995728 854.340026855 240.130004883
car 791.640014648 161.63999939 909.280029297 206.710006714
car 0.0 176.119995117 124.669998169 296.179992676
car 79.1100006104 169.479995728 281.160003662 253.960006714
car 599.030029297 163.190002441 634.859985352 195.880004883
car 219.369995117 165.699996948 337.260009766 229.490005493
car 292.299987793 164.720001221 388.959991455 214.440002441
pedestrian 696.340026855 164.490005493 715.679992676 204.910003662
