car 301.670013428 178.580001831 480.399993896 290.820007324
car 1161.85998535 134.300003052 1223.0 176.25
car 1048.54003906 149.100006104 1184.20996094 184.86000061
pedestrian 573.640014648 156.190002441 607.41998291 228.699996948
pedestrian 398.779998779 155.990005493 427.380004883 238.759994507
pedestrian 183.539993286 177.520004272 219.289993286 238.729995728
pedestrian 166.619995117 181.259994507 197.830001831 240.470001221
pedestrian 206.300003052 177.25 237.600006104 238.820007324
pedestrian 167.369995117 172.470001221 208.050003052 249.660003662
pedestrian 305.130004883 163.589996338 328.190002441 239.669998169
cyclist 1154.66003418 125.540000916 1223.0 216.660003662
cyclist 1051.40002441 134.720001221 1135.7800293 204.800003052
cyclist 822.320007324 152.350006104 868.760009766 194.039993286
cyclist 871.270019531 149.479995728 900.58001709 197.509994507
cyclist 285.420013428 167.789993286 370.429992676 244.820007324
