car 3.30999994278 197.770004272 339.899993896 364.519989014
car 1006.7800293 204.919998169 1241.0 374.0
car 261.209991455 191.169998169 433.369995117 281.130004883
car 787.700012207 183.690002441 1083.98999023 350.059997559
car 472.660003662 180.259994507 526.75 218.020004272
car 736.809997559 181.660003662 875.380004883 273.679992676
car 713.219970703 181.220001221 798.890014648 244.149993896
car 693.08001709 180.839996338 761.520019531 228.270004272
car 494.940002441 180.369995117 543.210021973 213.899993896
car 690.630004883 178.119995117 741.140014648 216.220001221
