car 591.450012207 175.669998169 637.309997559 219.059997559
car 1038.16003418 152.929992676 1241.0 374.0
car 871.559997559 174.899993896 1133.57995605 337.880004883
car 778.270019531 177.380004883 995.700012207 280.0
car 475.890014648 179.61000061 512.390014648 202.320007324
car 196.960006714 191.100006104 353.769989014 275.309997559
car 689.789978027 170.529998779 812.809997559 222.089996338
car 662.400024414 173.080001831 754.479980469 209.800003052
car 426.589996338 173.179992676 466.660003662 198.559997559
car 448.399993896 174.649993896 481.040008545 196.380004883
car 499.369995117 175.880004883 522.140014648 189.630004883
car 404.630004883 175.210006714 430.239990234 194.130004883
