pedestrian 1036.40002441 147.570007324 1152.93994141 369.0
pedestrian 821.109985352 145.089996338 872.849975586 294.190002441
pedestrian 842.91998291 146.130004883 889.16998291 289.880004883
pedestrian 651.25 141.63999939 671.91998291 202.449996948
pedestrian 280.609985352 138.11000061 320.269989014 259.519989014
pedestrian 491.959991455 153.580001831 514.359985352 217.86000061
pedestrian 515.909973145 149.550003052 539.909973145 218.279998779
pedestrian 1049.86999512 151.029998779 1141.85998535 330.309997559
pedestrian 442.970001221 143.199996948 468.029998779 221.86000061
pedestrian 416.450012207 140.410003662 441.970001221 211.330001831
pedestrian 410.440002441 141.229995728 434.630004883 213.059997559
pedestrian 621.369995117 140.63999939 636.210021973 194.660003662
