car 0.0 192.660003662 379.309997559 374.0
car 1064.09997559 155.529998779 1241.0 260.119995117
car 964.820007324 157.61000061 1111.77001953 242.63999939
car 910.640014648 160.820007324 1049.88000488 229.039993286
car 867.729980469 161.080001831 999.020019531 222.410003662
car 837.130004883 168.919998169 964.809997559 218.089996338
car 715.280029297 173.309997559 852.260009766 275.769989014
car 694.159973145 181.479995728 775.239990234 239.36000061
car 411.299987793 177.380004883 519.960021973 250.039993286
car 748.450012207 161.380004883 840.380004883 201.300003052
car 526.299987793 176.729995728 571.719970703 212.86000061
car 526.549987793 176.039993286 589.609985352 198.710006714
