car 1095.02001953 184.479995728 1223.0 235.789993286
car 1032.30004883 183.869995117 1157.18994141 232.63999939
car 952.789978027 181.800003052 1068.70996094 234.330001831
car 602.520019531 172.550003052 636.650024414 202.869995117
pedestrian 192.479995728 152.240005493 208.970001221 199.429992676
pedestrian 283.649993896 156.929992676 307.600006104 211.460006714
pedestrian 252.929992676 154.160003662 269.279998779 198.679992676
pedestrian 360.320007324 157.619995117 401.640014648 253.979995728
pedestrian 395.959991455 157.630004883 429.549987793 249.979995728
pedestrian 413.170013428 157.729995728 482.619995117 257.920013428
pedestrian 584.979980469 154.669998169 645.619995117 290.079986572
pedestrian 635.150024414 157.960006714 688.059997559 276.079986572
pedestrian 422.269989014 159.559997559 469.350006104 285.269989014
pedestrian 456.839996338 157.279998779 520.349975586 276.829986572
pedestrian 504.920013428 164.009994507 548.460021973 268.489990234
pedestrian 367.239990234 157.509994507 403.399993896 262.720001221
cyclist 541.239990234 156.740005493 575.619995117 214.690002441
