car 0.0 202.619995117 271.720001221 374.0
car 1234.0300293 219.830001831 1241.0 374.0
car 185.039993286 192.740005493 405.140014648 302.609985352
car 826.0 187.369995117 1241.0 374.0
car 459.410003662 179.649993896 517.33001709 220.36000061
car 752.530029297 182.559997559 925.059997559 293.359985352
car 721.83001709 179.300003052 821.130004883 250.229995728
car 697.700012207 179.229995728 773.229980469 231.190002441
car 484.510009766 178.330001831 536.429992676 214.029998779
car 692.869995117 177.460006714 747.309997559 218.399993896
