car 0.0 224.470001221 256.75 374.0
car 109.269996643 195.759994507 468.160003662 374.0
car 845.960021973 171.449996948 1208.31994629 374.0
car 436.480010986 168.979995728 529.510009766 248.880004883
car 465.839996338 178.75 558.159973145 232.929992676
car 715.369995117 158.470001221 783.369995117 180.949996948
car 839.489990234 177.440002441 982.729980469 299.190002441
car 885.280029297 163.330001831 1022.97998047 252.11000061
car 760.539978027 160.820007324 901.66998291 213.309997559
car 1145.64001465 164.080001831 1241.0 227.850006104
car 1026.04003906 164.279998779 1140.52001953 202.839996338
