car 589.25 183.63999939 643.010009766 227.820007324
car 0.0 187.479995728 242.009994507 374.0
car 272.299987793 182.009994507 459.799987793 267.869995117
car 340.640014648 178.86000061 483.880004883 250.339996338
car 408.470001221 181.199996948 513.770019531 227.13999939
car 989.770019531 175.899993896 1241.0 280.899993896
car 595.890014648 179.339996338 629.760009766 210.240005493
car 99.4499969482 172.440002441 231.710006714 226.470001221
car 211.720001221 181.410003662 292.279998779 214.990005493
pedestrian 771.41998291 178.429992676 803.41998291 259.209991455
pedestrian 271.950012207 171.059997559 286.279998779 211.759994507
