car 519.58001709 157.699996948 568.859985352 196.429992676
car 553.83001709 165.929992676 604.58001709 195.059997559
car 597.679992676 167.570007324 658.5 193.11000061
car 771.559997559 165.039993286 818.679992676 187.720001221
car 810.469970703 164.070007324 862.679992676 188.270004272
car 919.289978027 168.339996338 980.770019531 187.869995117
pedestrian 10.220000267 172.199996948 27.2199993134 215.0
pedestrian 44.8400001526 171.5 69.5100021362 211.279998779
pedestrian 177.929992676 166.410003662 204.429992676 213.470001221
pedestrian 568.650024414 165.789993286 581.320007324 199.919998169
