car 527.320007324 181.279998779 552.849975586 203.929992676
car 216.309997559 178.0 276.0 208.940002441
car 266.540008545 181.229995728 317.079986572 205.070007324
car 1009.94000244 195.149993896 1108.98999023 230.240005493
car 309.019989014 182.050003052 350.850006104 203.740005493
car 547.450012207 179.910003662 569.059997559 197.220001221
car 567.099975586 179.100006104 618.900024414 230.710006714
car 141.080001831 181.029998779 221.850006104 212.479995728
car 1105.20996094 196.75 1187.56005859 229.059997559
cyclist 878.119995117 187.270004272 905.390014648 231.029998779
