car 698.849975586 189.529998779 809.070007324 265.910003662
car 0.0 180.5 183.259994507 312.230010986
car 233.619995117 189.190002441 444.130004883 315.089996338
car 433.309997559 181.410003662 513.880004883 240.789993286
car 651.690002441 181.990005493 702.859985352 220.089996338
car 266.709991455 185.949996948 373.239990234 243.61000061
car 480.049987793 183.720001221 535.010009766 223.470001221
car 380.339996338 184.899993896 441.640014648 221.020004272
car 436.170013428 184.649993896 477.769989014 211.979995728
car 529.280029297 184.089996338 555.900024414 204.190002441
car 587.780029297 180.720001221 612.070007324 203.570007324
car 626.179992676 182.149993896 646.409973145 200.479995728
car 615.700012207 182.229995728 634.179992676 198.279998779
