car 744.83001709 194.089996338 982.340026855 339.709991455
car 0.0 189.899993896 226.350006104 353.510009766
car 0.0 194.800003052 284.589996338 315.200012207
car 87.8700027466 187.479995728 355.809997559 285.220001221
car 162.830001831 185.600006104 385.170013428 265.369995117
car 228.470001221 178.399993896 412.589996338 251.86000061
car 665.210021973 183.119995117 758.440002441 245.380004883
car 343.559997559 184.210006714 490.75 234.029998779
car 652.320007324 181.259994507 705.650024414 217.059997559
car 363.109985352 179.089996338 477.640014648 225.470001221
car 388.029998779 172.470001221 482.25 219.080001831
car 635.179992676 173.559997559 666.41998291 200.839996338
