car 1121.08996582 207.699996948 1241.0 374.0
car 347.609985352 143.929992676 527.510009766 298.390014648
car 739.030029297 186.929992676 879.070007324 269.130004883
car 827.5 190.289993286 1132.06994629 360.980010986
car 546.679992676 167.550003052 586.150024414 203.690002441
car 457.329986572 169.009994507 550.700012207 244.339996338
car 730.880004883 178.520004272 816.070007324 239.600006104
car 702.859985352 174.789993286 764.219970703 218.169998169
car 686.880004883 176.240005493 737.239990234 212.929992676
car 678.710021973 172.690002441 719.039978027 201.770004272
