pedestrian 813.659973145 134.020004272 925.140014648 369.0
pedestrian 766.380004883 142.529998779 901.190002441 369.0
pedestrian 453.269989014 139.720001221 533.739990234 336.190002441
pedestrian 352.579986572 123.790000916 441.709991455 351.700012207
pedestrian 851.390014648 153.220001221 975.289978027 369.0
pedestrian 527.16998291 144.899993896 550.33001709 213.169998169
pedestrian 522.070007324 133.809997559 546.010009766 198.199996948
pedestrian 544.460021973 143.300003052 557.799987793 199.990005493
pedestrian 580.5 145.13999939 598.75 199.059997559
cyclist 398.720001221 139.679992676 449.5 194.399993896
