car 0.0 206.25 216.289993286 374.0
car 2.8900001049 194.339996338 454.049987793 374.0
car 659.289978027 174.380004883 745.150024414 235.160003662
car 798.260009766 191.190002441 1241.0 374.0
car 280.209991455 186.350006104 469.399993896 307.25
car 523.909973145 175.75 564.91998291 212.820007324
car 637.309997559 172.169998169 686.619995117 210.5
car 626.099975586 168.509994507 653.210021973 196.600006104
pedestrian 259.820007324 162.300003052 301.519989014 298.450012207
pedestrian 315.519989014 166.86000061 338.989990234 270.920013428
pedestrian 321.170013428 174.710006714 347.209991455 281.859985352
