car 940.41998291 116.669998169 1241.0 374.0
car 759.299987793 139.960006714 1096.06994629 374.0
car 724.630004883 175.440002441 856.900024414 279.489990234
car 516.510009766 174.479995728 553.260009766 210.309997559
car 341.059997559 186.449996948 452.100006104 259.630004883
car 0.0 202.490005493 158.419998169 374.0
car 78.5500030518 184.589996338 351.910003662 337.089996338
pedestrian 701.659973145 164.309997559 717.989990234 216.190002441
pedestrian 711.950012207 166.059997559 726.950012207 215.919998169
pedestrian 631.700012207 172.309997559 640.359985352 201.179992676
pedestrian 437.769989014 182.36000061 451.100006104 218.369995117
