car 575.530029297 175.759994507 632.229980469 221.850006104
car 187.119995117 181.869995117 419.640014648 298.720001221
car 258.899993896 175.399993896 449.609985352 263.029998779
car 380.489990234 177.160003662 496.170013428 227.309997559
car 434.170013428 172.419998169 529.33001709 213.570007324
car 741.289978027 181.470001221 897.41998291 274.369995117
car 666.349975586 177.820007324 715.590026855 212.809997559
car 588.859985352 171.839996338 625.299987793 205.080001831
car 82.9300003052 177.789993286 191.5 221.800003052
car 242.669998169 174.309997559 318.140014648 205.410003662
