car 685.400024414 169.679992676 816.659973145 270.640014648
car 0.0 183.559997559 284.929992676 310.170013428
car 44.9700012207 183.259994507 375.140014648 286.320007324
car 167.570007324 185.479995728 398.100006104 266.869995117
car 305.0 167.699996948 476.089996338 237.61000061
car 293.190002441 176.600006104 438.630004883 243.300003052
car 670.0 182.449996948 752.049987793 239.070007324
car 342.160003662 168.220001221 463.670013428 228.229995728
car 373.959991455 177.229995728 494.380004883 223.119995117
car 638.049987793 180.779998779 675.090026855 210.259994507
car 658.270019531 179.490005493 717.229980469 226.490005493
