car 0.0 203.690002441 212.880004883 374.0
car 145.339996338 194.449996948 385.769989014 321.089996338
car 902.739990234 194.330001831 1241.0 374.0
car 314.609985352 189.960006714 455.170013428 266.079986572
car 761.349975586 181.149993896 977.429992676 307.859985352
car 484.119995117 180.75 535.020019531 215.990005493
car 724.690002441 180.979995728 839.890014648 259.640014648
car 708.190002441 178.899993896 783.700012207 235.130004883
car 690.200012207 179.339996338 752.979980469 222.869995117
car 505.230010986 179.020004272 550.289978027 210.589996338
car 688.640014648 178.690002441 735.770019531 214.320007324
