car 179.36000061 198.229995728 432.0 360.459991455
car 938.690002441 192.720001221 1241.0 374.0
car 743.210021973 184.169998169 1021.70001221 362.579986572
car 686.510009766 182.490005493 827.510009766 270.5
car 353.959991455 194.979995728 487.589996338 279.700012207
car 429.119995117 188.440002441 502.149993896 246.410003662
car 465.179992676 187.539993286 527.390014648 232.559997559
car 673.820007324 182.509994507 760.150024414 242.11000061
car 664.640014648 180.199996948 722.979980469 225.460006714
car 837.450012207 158.850006104 937.510009766 205.830001831
car 629.869995117 178.690002441 664.880004883 203.210006714
car 557.510009766 181.369995117 593.219970703 196.710006714
cyclist 536.840026855 179.839996338 552.83001709 196.710006714
