car 500.809997559 181.070007324 538.780029297 213.0
car 152.38999939 175.600006104 228.330001831 212.070007324
car 222.350006104 176.36000061 283.049987793 203.529998779
car 1093.88000488 197.020004272 1216.04003906 239.429992676
car 276.149993896 179.520004272 326.209991455 203.779998779
car 541.280029297 179.160003662 566.320007324 198.63999939
car 572.359985352 177.199996948 622.83001709 227.490005493
car 46.7299995422 181.080001831 153.619995117 219.339996338
car 1207.9699707 198.910003662 1241.0 237.009994507
cyclist 912.16998291 188.38999939 944.349975586 237.339996338
