car 281.309997559 184.559997559 503.489990234 334.190002441
car 747.409973145 164.88999939 1113.25 374.0
car 416.200012207 184.309997559 551.229980469 271.029998779
car 666.109985352 180.580001831 720.239990234 222.429992676
car 711.91998291 181.179992676 858.75 282.200012207
car 560.950012207 178.029998779 593.239990234 207.470001221
car 652.270019531 178.800003052 688.840026855 209.009994507
pedestrian 420.820007324 173.169998169 440.600006104 253.61000061
pedestrian 439.359985352 172.679992676 450.040008545 239.160003662
pedestrian 439.920013428 177.169998169 454.140014648 244.910003662
