car 358.769989014 176.86000061 497.450012207 266.850006104
car 1114.88000488 140.490005493 1223.0 179.410003662
car 1009.4699707 153.919998169 1131.98999023 186.86000061
pedestrian 548.41998291 159.960006714 579.41998291 223.410003662
pedestrian 403.140014648 158.559997559 425.850006104 230.009994507
pedestrian 211.940002441 177.119995117 233.320007324 231.61000061
pedestrian 205.929992676 180.539993286 231.240005493 233.020004272
pedestrian 277.440002441 176.089996338 306.200012207 230.289993286
pedestrian 247.61000061 173.029998779 280.980010986 239.669998169
pedestrian 362.179992676 160.690002441 386.100006104 228.070007324
cyclist 1023.92999268 134.309997559 1120.75 210.520004272
cyclist 942.849975586 140.550003052 1012.67999268 201.990005493
cyclist 759.979980469 156.380004883 802.539978027 195.36000061
cyclist 846.599975586 152.710006714 874.510009766 196.320007324
cyclist 284.920013428 169.0 363.059997559 238.169998169
