car 971.450012207 198.710006714 1241.0 374.0
car 0.0 220.979995728 226.830001831 374.0
car 702.549987793 163.720001221 931.570007324 324.559997559
car 118.25 196.690002441 357.720001221 325.390014648
car 610.719970703 184.240005493 687.109985352 239.800003052
car 399.510009766 190.630004883 461.130004883 232.119995117
car 583.770019531 183.710006714 626.070007324 219.779998779
car 453.559997559 183.88999939 487.540008545 208.720001221
car 566.809997559 180.520004272 597.309997559 206.210006714
cyclist 0.0 185.490005493 235.330001831 374.0
