car 0.0 195.919998169 114.0 374.0
car 25.8500003815 184.009994507 320.920013428 289.369995117
car 139.679992676 183.5 406.140014648 272.059997559
car 200.149993896 181.679992676 416.200012207 256.510009766
car 795.359985352 183.080001831 1131.14001465 374.0
car 684.950012207 187.199996948 762.489990234 241.509994507
car 309.910003662 182.830001831 462.440002441 245.520004272
car 385.279998779 179.259994507 488.75 227.940002441
car 729.359985352 183.910003662 840.619995117 220.309997559
car 426.920013428 165.020004272 518.859985352 213.289993286
car 467.209991455 180.940002441 541.030029297 205.839996338
car 489.769989014 175.149993896 555.929992676 202.699996948
