car 634.890014648 184.770004272 675.039978027 213.789993286
car 394.309997559 178.600006104 507.489990234 219.61000061
car 733.33001709 182.13999939 880.890014648 236.699996948
car 202.130004883 171.25 419.019989014 258.029998779
car 143.089996338 182.820007324 408.540008545 270.329986572
car 76.6999969482 188.660003662 378.339996338 296.25
car 0.0 188.100006104 280.950012207 322.890014648
car 0.0 192.020004272 220.720001221 374.0
car 878.590026855 183.330001831 1151.02001953 291.079986572
car 947.140014648 191.699996948 1241.0 318.049987793
