car 760.820007324 184.559997559 1084.31005859 368.049987793
car 685.859985352 169.559997559 781.140014648 249.029998779
car 199.960006714 172.839996338 426.899993896 252.479995728
car 273.200012207 169.699996948 447.920013428 238.559997559
car 296.839996338 159.729995728 436.279998779 233.330001831
car 385.570007324 173.410003662 496.100006104 215.990005493
car 411.890014648 173.080001831 514.619995117 214.86000061
car 420.0 169.490005493 503.290008545 210.979995728
car 467.420013428 160.320007324 538.020019531 193.369995117
car 652.219970703 173.949996948 697.900024414 209.259994507
car 625.729980469 169.429992676 647.229980469 186.050003052
cyclist 577.979980469 169.470001221 584.320007324 186.160003662
