car 0.0 222.520004272 157.710006714 374.0
car 97.4800033569 202.940002441 334.790008545 321.130004883
car 276.519989014 195.919998169 403.260009766 272.390014648
car 365.869995117 192.679992676 455.200012207 245.759994507
car 879.33001709 145.240005493 1072.40002441 215.649993896
car 863.210021973 144.369995117 987.679992676 208.229995728
car 820.289978027 151.61000061 949.219970703 207.520004272
car 1188.0 126.440002441 1241.0 173.190002441
car 776.619995117 157.529998779 894.960021973 204.050003052
car 434.070007324 188.070007324 496.809997559 226.899993896
car 673.799987793 174.880004883 739.969970703 223.550003052
car 663.289978027 174.070007324 712.770019531 215.63999939
