car 0.0 183.699996948 325.190002441 329.839996338
car 752.039978027 187.990005493 909.539978027 294.619995117
car 199.779998779 186.350006104 423.980010986 259.320007324
car 327.130004883 181.729995728 468.109985352 235.940002441
car 360.260009766 181.720001221 504.329986572 231.600006104
car 377.119995117 180.720001221 504.269989014 226.279998779
car 717.369995117 179.220001221 818.840026855 258.010009766
car 680.390014648 184.830001831 729.869995117 221.059997559
car 432.700012207 181.619995117 528.489990234 222.0
car 513.179992676 179.179992676 573.179992676 199.550003052
