car 270.920013428 180.479995728 437.5 290.970001221
pedestrian 0.0 154.380004883 204.160003662 373.0
pedestrian 160.850006104 172.940002441 252.190002441 373.0
pedestrian 0.0 171.669998169 91.4000015259 373.0
pedestrian 296.239990234 161.100006104 379.239990234 346.369995117
pedestrian 241.169998169 168.550003052 308.170013428 343.260009766
pedestrian 671.479980469 158.259994507 694.809997559 225.080001831
pedestrian 527.710021973 168.979995728 543.710021973 215.369995117
pedestrian 535.630004883 166.369995117 551.289978027 214.710006714
cyclist 462.299987793 163.320007324 500.609985352 247.800003052
