car 311.179992676 178.270004272 456.339996338 277.279998779
pedestrian 161.660003662 158.11000061 351.410003662 373.0
pedestrian 275.980010986 170.649993896 361.709991455 373.0
pedestrian 126.730003357 172.020004272 202.210006714 373.0
pedestrian 111.709999084 176.580001831 183.160003662 341.089996338
pedestrian 372.450012207 160.830001831 437.5 327.570007324
pedestrian 151.36000061 180.960006714 211.979995728 351.380004883
pedestrian 308.200012207 167.210006714 385.799987793 325.869995117
pedestrian 669.549987793 158.839996338 694.039978027 221.020004272
pedestrian 538.760009766 169.410003662 552.109985352 215.149993896
pedestrian 548.320007324 166.63999939 564.25 214.38999939
cyclist 478.630004883 163.929992676 510.619995117 234.440002441
