car 755.510009766 176.619995117 953.789978027 304.929992676
car 468.239990234 166.38999939 547.75 243.460006714
car 200.740005493 197.160003662 444.109985352 364.75
car 0.0 221.669998169 196.690002441 374.0
car 688.760009766 183.960006714 757.760009766 231.169998169
car 718.369995117 182.309997559 813.739990234 249.330001831
car 552.570007324 174.820007324 584.239990234 202.729995728
car 684.359985352 179.25 734.109985352 219.539993286
car 674.280029297 179.259994507 714.359985352 211.11000061
car 665.010009766 178.270004272 699.590026855 206.350006104
