pedestrian 668.969970703 145.669998169 689.640014648 202.720001221
pedestrian 281.549987793 137.990005493 318.549987793 259.799987793
pedestrian 711.200012207 139.309997559 769.200012207 300.209991455
pedestrian 707.349975586 134.869995117 762.010009766 273.350006104
pedestrian 645.109985352 141.759994507 700.109985352 299.089996338
pedestrian 631.380004883 142.869995117 688.710021973 306.339996338
pedestrian 538.150024414 141.949996948 570.820007324 220.089996338
pedestrian 567.58001709 137.270004272 597.239990234 219.330001831
pedestrian 531.469970703 142.179992676 559.469970703 214.149993896
pedestrian 498.809997559 144.36000061 521.809997559 220.179992676
pedestrian 417.230010986 141.25 444.230010986 217.100006104
pedestrian 450.970001221 146.669998169 471.640014648 213.149993896
pedestrian 472.850006104 138.580001831 497.179992676 213.169998169
