car 964.739990234 150.199996948 1241.0 374.0
car 0.0 215.130004883 223.179992676 374.0
car 679.630004883 182.429992676 805.729980469 267.0
car 399.5 190.960006714 483.779998779 246.669998169
car 643.239990234 183.320007324 701.020019531 229.990005493
car 456.820007324 182.630004883 514.200012207 227.720001221
car 494.640014648 184.38999939 529.890014648 212.929992676
car 623.83001709 180.949996948 658.520019531 211.179992676
cyclist 563.320007324 180.970001221 570.83001709 198.86000061
cyclist 570.390014648 181.100006104 577.599975586 198.029998779
