pedestrian 977.16998291 148.029998779 1000.85998535 213.199996948
pedestrian 0.0 113.160003662 233.38999939 369.0
pedestrian 0.0 94.5500030518 150.309997559 369.0
pedestrian 717.820007324 159.309997559 756.5 252.210006714
pedestrian 1036.59997559 141.949996948 1080.34997559 260.040008545
pedestrian 1061.80004883 129.350006104 1106.36999512 271.779998779
pedestrian 1052.7800293 151.100006104 1084.84997559 263.309997559
cyclist 1100.02001953 140.449996948 1219.86999512 245.88999939
cyclist 856.58001709 153.13999939 944.960021973 232.669998169
cyclist 1139.4699707 142.259994507 1223.0 226.13999939
