car 0.0 217.940002441 132.509994507 374.0
car 689.969970703 177.690002441 809.359985352 264.049987793
car 114.75 183.929992676 305.640014648 252.509994507
car 793.799987793 186.179992676 1101.77001953 374.0
car 674.390014648 175.179992676 746.700012207 234.460006714
car 414.339996338 182.589996338 495.290008545 237.729995728
car 456.910003662 173.910003662 517.619995117 224.160003662
car 653.130004883 175.940002441 702.66998291 216.350006104
car 942.890014648 199.919998169 1241.0 374.0
car 491.260009766 178.479995728 537.770019531 218.479995728
car 534.270019531 181.070007324 557.469970703 196.039993286
