car 591.25 186.080001831 671.109985352 252.279998779
car 212.270004272 184.75 319.299987793 237.479995728
car 420.540008545 180.190002441 521.049987793 228.929992676
car 453.619995117 183.690002441 546.809997559 217.679992676
car 490.420013428 182.660003662 558.909973145 211.850006104
car 523.380004883 180.820007324 573.760009766 200.830001831
car 579.549987793 181.550003052 623.229980469 221.559997559
car 338.75 179.380004883 394.260009766 204.869995117
pedestrian 458.869995117 171.660003662 483.540008545 253.710006714
cyclist 864.640014648 172.039993286 981.320007324 256.429992676
