car 933.630004883 216.600006104 1241.0 374.0
car 415.190002441 183.169998169 495.040008545 244.669998169
car 0.0 205.440002441 273.890014648 374.0
car 773.270019531 191.630004883 1056.11999512 374.0
car 689.270019531 182.25 805.469970703 265.859985352
car 652.469970703 181.11000061 735.789978027 243.380004883
car 634.090026855 183.380004883 696.510009766 227.940002441
car 453.579986572 184.850006104 514.989990234 228.970001221
car 487.100006104 183.649993896 527.119995117 213.710006714
car 758.020019531 167.880004883 828.299987793 202.509994507
