car 0.0 173.13999939 279.589996338 351.510009766
car 795.510009766 194.660003662 1241.0 374.0
car 922.349975586 189.679992676 1219.33996582 299.600006104
car 793.75 184.550003052 1047.98999023 263.190002441
car 236.490005493 173.520004272 438.799987793 244.119995117
car 637.059997559 181.199996948 665.200012207 201.869995117
car 468.440002441 174.710006714 544.710021973 202.759994507
car 693.5 179.11000061 781.83001709 212.300003052
car 380.799987793 178.649993896 507.399993896 225.509994507
car 307.220001221 174.429992676 475.940002441 234.940002441
car 746.349975586 180.539993286 862.690002441 228.669998169
car 763.210021973 183.880004883 892.619995117 232.199996948
