car 590.989990234 174.869995117 637.570007324 218.940002441
car 1035.05004883 174.029998779 1241.0 374.0
car 841.559997559 177.220001221 1115.68994141 324.140014648
car 451.820007324 182.779998779 496.630004883 210.119995117
car 0.0 202.940002441 185.410003662 364.959991455
car 703.179992676 170.690002441 842.530029297 230.970001221
car 668.190002441 174.149993896 771.010009766 215.539993286
car 415.119995117 176.009994507 458.779998779 203.190002441
car 440.739990234 174.910003662 475.75 197.910003662
car 495.660003662 177.130004883 519.539978027 191.429992676
car 393.75 177.690002441 421.329986572 197.729995728
