car 50.1599998474 201.550003052 336.029998779 333.980010986
car 887.859985352 184.869995117 1241.0 374.0
car 755.859985352 178.160003662 969.16998291 318.670013428
car 290.279998779 191.449996948 413.880004883 268.619995117
car 694.409973145 181.229995728 783.179992676 240.119995117
car 411.980010986 186.089996338 490.529998779 233.240005493
car 672.409973145 181.869995117 740.150024414 226.979995728
car 489.25 179.789993286 526.880004883 209.259994507
car 654.41998291 175.419998169 699.780029297 209.330001831
car 535.090026855 175.300003052 585.049987793 192.529998779
