car 564.590026855 183.11000061 586.200012207 201.509994507
car 0.0 192.11000061 206.720001221 375.0
car 638.190002441 181.300003052 765.070007324 273.440002441
car 236.759994507 191.970001221 384.480010986 275.899993896
car 351.779998779 188.5 437.670013428 243.759994507
car 522.16998291 181.149993896 568.650024414 224.220001221
car 393.559997559 184.279998779 454.0 223.800003052
car 291.589996338 184.809997559 367.869995117 225.600006104
car 441.679992676 184.259994507 477.559997559 211.399993896
car 456.859985352 182.830001831 485.700012207 204.86000061
