car 0.0 208.740005493 180.13999939 374.0
car 1130.77001953 104.540000916 1241.0 233.029998779
car 358.929992676 192.070007324 485.459991455 270.600006104
car 142.330001831 190.399993896 420.739990234 343.209991455
car 744.429992676 171.270004272 838.260009766 228.850006104
car 443.049987793 183.199996948 524.799987793 239.919998169
car 499.5 185.880004883 550.58001709 225.919998169
car 516.260009766 184.169998169 561.409973145 218.350006104
car 649.690002441 178.770004272 694.739990234 216.0
car 734.409973145 169.880004883 866.359985352 214.880004883
car 665.659973145 180.25 718.539978027 211.559997559
car 694.780029297 177.929992676 749.58001709 207.940002441
car 685.059997559 171.38999939 730.109985352 184.970001221
car 568.409973145 173.86000061 607.16998291 186.720001221
