car 558.929992676 178.529998779 601.539978027 211.88999939
pedestrian 699.840026855 170.630004883 735.5 284.600006104
pedestrian 434.980010986 171.759994507 474.980010986 256.290008545
pedestrian 401.720001221 174.059997559 426.049987793 254.240005493
pedestrian 817.130004883 167.089996338 843.789978027 246.990005493
pedestrian 791.640014648 166.270004272 817.640014648 244.63999939
pedestrian 650.789978027 170.300003052 676.119995117 238.279998779
pedestrian 727.119995117 174.970001221 755.450012207 280.350006104
pedestrian 678.450012207 176.75 721.619995117 260.529998779
pedestrian 762.140014648 165.009994507 791.469970703 249.029998779
pedestrian 777.729980469 163.669998169 799.349975586 234.369995117
pedestrian 16.2900009155 177.940002441 73.9599990845 307.200012207
