car 778.849975586 187.86000061 1185.70996094 374.0
car 690.200012207 170.009994507 793.200012207 255.089996338
car 170.130004883 173.789993286 414.910003662 259.239990234
car 253.470001221 171.490005493 439.640014648 244.779998779
car 280.220001221 159.979995728 427.839996338 237.509994507
car 377.019989014 174.470001221 492.299987793 218.789993286
car 404.410003662 174.369995117 511.260009766 217.740005493
car 413.649993896 169.75 499.980010986 212.669998169
car 464.630004883 161.869995117 536.820007324 195.649993896
car 654.130004883 176.789993286 701.039978027 213.369995117
car 626.08001709 171.759994507 647.929992676 188.63999939
cyclist 577.400024414 170.61000061 583.890014648 187.649993896
