car 832.41998291 174.850006104 1241.0 374.0
car 0.0 182.720001221 178.830001831 374.0
car 0.0 154.88999939 223.11000061 339.290008545
car 22.7399997711 187.869995117 303.390014648 291.070007324
car 192.679992676 187.490005493 411.290008545 268.869995117
car 265.940002441 182.100006104 453.970001221 256.220001221
car 307.109985352 179.449996948 449.079986572 247.949996948
car 313.880004883 175.690002441 481.790008545 236.720001221
car 377.809997559 177.820007324 492.640014648 222.75
car 429.25 165.619995117 525.0 210.050003052
car 686.119995117 184.369995117 764.859985352 245.470001221
car 742.539978027 172.660003662 876.469970703 226.830001831
car 689.700012207 170.470001221 766.289978027 204.669998169
car 635.41998291 177.399993896 662.510009766 197.910003662
cyclist 571.909973145 176.679992676 580.549987793 198.729995728
