car 320.910003662 188.529998779 456.019989014 269.910003662
car 920.359985352 183.600006104 1241.0 374.0
car 792.210021973 185.529998779 999.770019531 312.609985352
car 409.809997559 184.899993896 500.720001221 240.210006714
car 736.950012207 180.589996338 849.239990234 257.399993896
car 454.010009766 184.789993286 525.429992676 227.149993896
car 705.940002441 179.5 789.539978027 236.850006104
car 531.260009766 179.320007324 566.380004883 205.350006104
car 694.789978027 179.630004883 753.140014648 224.539993286
car 690.520019531 178.130004883 735.799987793 214.919998169
