car 859.409973145 140.940002441 1241.0 374.0
car 0.0 207.529998779 281.350006104 374.0
car 666.659973145 183.270004272 773.83001709 258.019989014
car 406.010009766 188.940002441 483.670013428 239.88999939
car 632.010009766 181.649993896 685.039978027 224.789993286
car 458.140014648 180.88999939 509.709991455 223.440002441
car 490.390014648 182.789993286 524.159973145 210.11000061
car 614.140014648 178.710006714 648.590026855 207.63999939
cyclist 555.960021973 178.5 563.390014648 195.720001221
cyclist 562.619995117 179.38999939 569.75 195.690002441
