car 0.0 212.919998169 241.630004883 374.0
car 177.210006714 199.699996948 357.570007324 300.589996338
car 315.450012207 195.570007324 429.820007324 260.609985352
car 941.590026855 137.669998169 1190.68994141 225.830001831
car 912.239990234 140.279998779 1067.68005371 217.539993286
car 856.320007324 146.679992676 1012.07000732 212.880004883
car 801.739990234 155.13999939 941.049987793 209.179992676
car 409.459991455 188.440002441 484.869995117 232.779998779
car 682.630004883 175.429992676 766.650024414 233.169998169
car 669.979980469 173.550003052 727.780029297 221.160003662
