car 594.440002441 177.830001831 636.729980469 217.830001831
car 0.0 193.169998169 182.039993286 276.279998779
car 153.580001831 183.190002441 298.0 247.38999939
car 739.650024414 172.960006714 887.369995117 249.690002441
car 720.440002441 175.350006104 857.640014648 237.11000061
car 683.590026855 178.809997559 800.66998291 227.979995728
car 672.210021973 175.300003052 772.099975586 222.490005493
car 670.869995117 175.61000061 763.130004883 213.830001831
car 660.969970703 174.309997559 744.039978027 211.36000061
car 539.619995117 180.399993896 557.270019531 193.869995117
car 500.890014648 178.399993896 522.820007324 194.279998779
