car 0.0 209.490005493 309.260009766 374.0
car 1019.09997559 172.809997559 1241.0 374.0
car 337.910003662 180.580001831 472.079986572 291.239990234
car 398.790008545 187.190002441 511.829986572 257.279998779
car 807.530029297 165.259994507 875.599975586 187.880004883
car 956.150024414 188.86000061 1212.68994141 374.0
car 942.640014648 175.050003052 1117.57995605 303.540008545
car 751.91998291 165.309997559 918.030029297 227.089996338
car 1236.77001953 169.25 1241.0 241.869995117
car 1050.29003906 171.759994507 1175.91003418 216.179992676
