car 117.129997253 183.300003052 435.970001221 368.660003662
car 1115.26000977 151.570007324 1223.0 191.929992676
car 460.410003662 168.660003662 490.489990234 191.039993286
pedestrian 622.609985352 152.259994507 677.270019531 244.309997559
pedestrian 390.549987793 154.559997559 441.220001221 261.890014648
pedestrian 134.809997559 177.380004883 159.13999939 252.190002441
pedestrian 115.099998474 182.259994507 147.100006104 255.330001831
pedestrian 65.6999969482 183.559997559 108.029998779 261.029998779
pedestrian 5.82000017166 174.88999939 52.8199996948 272.170013428
pedestrian 177.080001831 163.440002441 209.740005493 257.489990234
cyclist 956.270019531 148.240005493 1010.33001709 194.460006714
cyclist 914.679992676 148.339996338 945.729980469 204.160003662
cyclist 310.040008545 166.13999939 410.079986572 258.839996338
