car 0.0 190.759994507 251.440002441 341.899993896
car 0.0 183.839996338 317.160003662 300.470001221
car 173.380004883 180.080001831 392.799987793 265.559997559
car 218.220001221 163.119995117 424.160003662 253.839996338
car 1060.06994629 176.169998169 1241.0 374.0
car 948.859985352 188.529998779 1241.0 337.75
car 860.659973145 186.119995117 1125.18994141 289.850006104
car 834.710021973 182.710006714 1018.09002686 267.640014648
car 771.260009766 179.550003052 973.320007324 254.660003662
car 737.219970703 182.990005493 915.5 241.320007324
car 734.739990234 172.550003052 878.409973145 235.179992676
car 373.589996338 182.229995728 494.239990234 222.0
car 407.339996338 182.410003662 508.869995117 218.190002441
car 632.900024414 182.100006104 675.369995117 213.759994507
car 622.440002441 177.679992676 647.909973145 199.330001831
cyclist 519.039978027 178.63999939 537.469970703 220.740005493
