car 586.08001709 180.220001221 644.270019531 227.520004272
car 0.0 192.830001831 319.579986572 374.0
car 283.359985352 179.5 442.910003662 266.779998779
car 343.970001221 178.160003662 488.880004883 246.759994507
car 419.220001221 177.460006714 529.570007324 221.229995728
car 865.91998291 193.100006104 1241.0 374.0
car 771.41998291 168.229995728 961.369995117 289.739990234
car 821.150024414 173.179992676 963.210021973 227.36000061
car 0.0 181.630004883 121.709999084 298.739990234
car 592.450012207 175.199996948 627.690002441 207.350006104
car 51.1800003052 173.13999939 244.130004883 263.220001221
car 208.970001221 176.009994507 333.799987793 239.38999939
car 271.519989014 171.979995728 344.149993896 207.660003662
pedestrian 704.090026855 176.36000061 723.429992676 223.929992676
