car 879.539978027 206.479995728 1241.0 374.0
car 0.0 143.86000061 215.070007324 338.079986572
car 0.0 178.960006714 318.350006104 305.989990234
car 78.2099990845 167.779998779 375.799987793 275.700012207
car 294.369995117 173.320007324 459.179992676 232.720001221
car 365.859985352 164.259994507 489.390014648 221.630004883
car 671.590026855 179.809997559 743.409973145 233.119995117
car 744.570007324 183.38999939 964.929992676 329.339996338
car 650.75 169.809997559 696.520019531 209.259994507
car 418.010009766 173.910003662 519.390014648 210.979995728
