car 593.520019531 184.949996948 673.83001709 251.279998779
car 235.660003662 182.369995117 334.230010986 231.529998779
car 430.899993896 177.690002441 525.809997559 223.550003052
car 460.850006104 182.009994507 550.369995117 214.330001831
car 495.670013428 180.960006714 561.640014648 208.949996948
car 526.010009766 179.210006714 574.83001709 198.63999939
car 579.950012207 182.279998779 623.869995117 222.619995117
car 346.970001221 177.619995117 400.100006104 202.270004272
pedestrian 474.510009766 167.589996338 493.839996338 243.009994507
cyclist 845.58001709 171.399993896 950.380004883 248.13999939
