car 0.0 143.880004883 274.700012207 355.609985352
car 803.200012207 198.089996338 1223.17004395 374.0
car 0.0 155.440002441 289.769989014 307.660003662
car 107.050003052 177.020004272 364.950012207 281.290008545
car 155.089996338 172.880004883 406.179992676 265.019989014
car 324.809997559 173.089996338 473.429992676 226.940002441
car 384.600006104 168.490005493 498.260009766 221.5
car 667.08001709 178.789993286 731.489990234 227.210006714
car 723.83001709 183.880004883 890.799987793 300.049987793
car 648.210021973 173.080001831 690.880004883 210.130004883
car 429.390014648 174.029998779 524.530029297 208.899993896
