car 0.0 133.919998169 139.699996948 374.0
car 819.570007324 200.649993896 1241.0 374.0
car 439.630004883 180.190002441 507.5 233.190002441
car 1.96000003815 188.600006104 381.470001221 374.0
car 735.039978027 182.440002441 915.719970703 304.989990234
car 676.320007324 181.100006104 770.340026855 249.410003662
car 646.109985352 180.350006104 715.809997559 233.919998169
car 631.239990234 181.220001221 685.549987793 220.509994507
car 494.730010986 179.589996338 530.849975586 207.089996338
car 747.789978027 168.020004272 813.489990234 200.520004272
