car 593.630004883 181.119995117 659.049987793 243.160003662
car 926.780029297 164.660003662 1224.89001465 374.0
car 728.530029297 178.520004272 854.619995117 246.75
car 683.130004883 180.61000061 786.33001709 225.460006714
car 200.020004272 187.119995117 368.140014648 281.049987793
car 441.160003662 181.850006104 505.869995117 221.899993896
car 79.2099990845 193.419998169 264.559997559 265.769989014
car 240.089996338 180.410003662 340.440002441 240.36000061
car 534.440002441 181.039993286 573.320007324 203.070007324
car 369.220001221 182.800003052 437.269989014 218.229995728
car 461.899993896 183.149993896 514.719970703 206.529998779
car 0.0 191.589996338 42.2000007629 255.800003052
car 0.0 184.660003662 102.949996948 228.720001221
car 637.820007324 178.009994507 662.039978027 196.460006714
car 265.390014648 182.729995728 347.769989014 217.11000061
