car 547.140014648 177.679992676 588.929992676 209.850006104
pedestrian 665.849975586 168.270004272 703.429992676 273.959991455
pedestrian 441.339996338 171.940002441 471.910003662 249.520004272
pedestrian 407.329986572 174.320007324 431.910003662 247.289993286
pedestrian 783.150024414 166.259994507 810.869995117 237.449996948
pedestrian 744.869995117 164.720001221 770.190002441 234.869995117
pedestrian 633.859985352 168.779998779 659.780029297 234.669998169
pedestrian 706.869995117 172.570007324 737.320007324 272.859985352
pedestrian 735.030029297 163.759994507 768.729980469 244.229995728
pedestrian 758.950012207 162.38999939 796.200012207 230.490005493
pedestrian 72.3099975586 178.779998779 137.039993286 297.720001221
