car 586.210021973 176.119995117 661.159973145 237.059997559
car 31.8700008392 169.940002441 214.020004272 245.630004883
car 353.880004883 165.520004272 489.829986572 233.929992676
car 380.950012207 171.850006104 506.480010986 222.880004883
car 413.5 172.699996948 530.659973145 216.619995117
car 473.309997559 168.759994507 550.190002441 204.460006714
car 512.0 166.809997559 570.719970703 189.850006104
car 680.5 171.460006714 739.020019531 210.770004272
car 666.789978027 162.559997559 714.140014648 199.949996948
car 583.309997559 169.270004272 625.159973145 207.460006714
car 288.220001221 166.330001831 358.950012207 196.88999939
pedestrian 358.769989014 153.11000061 400.100006104 294.519989014
cyclist 1071.93005371 165.589996338 1241.0 332.799987793
