car 858.010009766 187.210006714 1241.0 374.0
car 187.160003662 206.210006714 410.549987793 336.320007324
car 694.41998291 182.339996338 810.650024414 268.25
car 387.480010986 184.820007324 490.589996338 257.420013428
car 480.489990234 184.399993896 527.390014648 222.320007324
car 515.380004883 185.229995728 547.510009766 208.410003662
car 634.210021973 179.38999939 653.859985352 195.550003052
car 651.989990234 176.899993896 702.630004883 218.470001221
cyclist 568.280029297 179.169998169 577.83001709 202.479995728
cyclist 580.179992676 178.419998169 589.179992676 200.399993896
