car 523.799987793 160.880004883 566.299987793 203.770004272
car 392.630004883 151.460006714 485.630004883 227.490005493
pedestrian 725.75 158.529998779 785.41998291 325.339996338
pedestrian 813.520019531 148.949996948 875.520019531 315.260009766
pedestrian 239.100006104 165.25 289.429992676 283.190002441
pedestrian 629.979980469 164.550003052 652.979980469 240.61000061
pedestrian 774.91998291 155.080001831 821.91998291 269.140014648
pedestrian 1089.93994141 138.509994507 1212.93994141 331.0
pedestrian 1098.48999023 141.580001831 1158.81994629 291.510009766
pedestrian 360.950012207 167.839996338 401.609985352 271.140014648
pedestrian 333.649993896 165.720001221 364.989990234 272.670013428
pedestrian 1064.72998047 137.020004272 1177.15002441 283.25
