car 265.329986572 190.13999939 431.549987793 287.179992676
car 1053.18005371 186.449996948 1241.0 374.0
car 826.400024414 184.020004272 1123.76000977 351.700012207
car 382.519989014 185.600006104 486.029998779 247.990005493
car 751.450012207 181.279998779 887.950012207 271.399993896
car 435.820007324 184.820007324 515.91998291 231.259994507
car 712.119995117 178.759994507 807.429992676 243.100006104
car 523.820007324 179.160003662 560.799987793 206.63999939
car 698.799987793 178.539993286 763.5 227.660003662
car 692.979980469 177.089996338 742.099975586 216.61000061
