car 803.650024414 185.309997559 1093.20996094 345.619995117
car 492.779998779 175.009994507 578.809997559 207.059997559
car 722.349975586 167.199996948 801.179992676 196.419998169
car 908.340026855 164.460006714 1004.76000977 191.779998779
car 437.390014648 177.5 504.940002441 205.929992676
car 225.699996948 182.220001221 296.559997559 210.729995728
car 579.049987793 173.580001831 602.570007324 189.570007324
car 539.909973145 175.800003052 567.5 192.220001221
pedestrian 456.089996338 170.080001831 471.420013428 222.809997559
cyclist 886.179992676 169.169998169 974.679992676 235.550003052
