car 805.849975586 175.699996948 1231.81005859 374.0
car 0.0 180.990005493 231.559997559 366.149993896
car 0.0 157.399993896 259.910003662 321.779998779
car 71.1399993896 186.729995728 324.589996338 280.859985352
car 222.11000061 187.050003052 424.220001221 262.720001221
car 285.559997559 181.740005493 461.619995117 251.38999939
car 322.130004883 179.660003662 456.239990234 244.61000061
car 326.660003662 175.029998779 486.470001221 233.25
car 386.489990234 177.789993286 496.609985352 220.990005493
car 432.790008545 167.919998169 525.820007324 211.130004883
car 681.700012207 184.169998169 755.320007324 241.839996338
car 737.369995117 172.149993896 865.299987793 224.100006104
car 687.119995117 171.36000061 761.700012207 204.710006714
car 634.260009766 178.229995728 660.760009766 198.36000061
cyclist 572.950012207 177.119995117 581.33001709 198.61000061
