car 430.549987793 174.240005493 523.690002441 206.75
car 654.820007324 172.649993896 703.940002441 213.460006714
car 525.270019531 179.550003052 573.640014648 217.449996948
car 274.130004883 176.720001221 455.739990234 238.070007324
car 230.210006714 176.419998169 430.160003662 247.509994507
car 147.770004272 182.789993286 398.579986572 275.489990234
car 0.0 176.270004272 365.040008545 304.679992676
car 0.0 174.220001221 165.960006714 344.410003662
car 715.739990234 190.800003052 858.869995117 279.920013428
car 855.429992676 211.86000061 1241.0 374.0
