car 0.0 199.740005493 83.0199966431 371.839996338
car 0.0 191.940002441 307.0 321.880004883
car 99.5500030518 184.669998169 385.459991455 293.929992676
car 194.320007324 178.259994507 395.540008545 272.700012207
car 219.600006104 179.75 445.059997559 260.380004883
car 270.109985352 178.38999939 421.5 244.169998169
car 321.779998779 181.570007324 466.970001221 237.589996338
car 328.279998779 179.419998169 477.350006104 230.570007324
car 386.5 175.679992676 495.700012207 220.880004883
car 396.260009766 167.25 508.890014648 219.080001831
car 710.770019531 187.699996948 829.549987793 275.089996338
car 775.270019531 174.940002441 949.83001709 243.919998169
car 698.690002441 176.229995728 786.929992676 215.470001221
car 636.840026855 180.36000061 666.900024414 203.100006104
cyclist 563.91998291 177.789993286 574.059997559 203.130004883
