car 295.480010986 189.289993286 444.579986572 277.809997559
car 974.900024414 184.720001221 1241.0 374.0
car 807.700012207 184.850006104 1053.05004883 329.420013428
car 396.970001221 185.229995728 493.730010986 243.869995117
car 743.75 180.919998169 867.070007324 263.850006104
car 445.329986572 184.800003052 520.859985352 229.11000061
car 708.880004883 179.149993896 797.969970703 239.789993286
car 527.640014648 179.240005493 563.659973145 205.979995728
car 696.719970703 179.11000061 758.090026855 226.029998779
car 691.710021973 177.630004883 738.83001709 215.729995728
