pedestrian 647.710021973 143.229995728 666.380004883 203.270004272
pedestrian 280.790008545 138.059997559 317.119995117 259.140014648
pedestrian 612.190002441 169.160003662 657.520019531 298.5
pedestrian 661.91998291 152.770004272 712.16998291 288.5
pedestrian 659.58001709 144.779998779 690.58001709 226.960006714
pedestrian 547.010009766 140.619995117 579.340026855 237.13999939
pedestrian 533.840026855 138.11000061 563.16998291 225.830001831
pedestrian 502.019989014 137.779998779 532.690002441 233.13999939
pedestrian 485.660003662 137.279998779 515.659973145 233.309997559
pedestrian 593.479980469 140.179992676 610.140014648 192.960006714
pedestrian 449.589996338 146.13999939 474.260009766 207.690002441
pedestrian 375.739990234 142.990005493 396.739990234 205.0
pedestrian 413.410003662 142.130004883 432.739990234 204.869995117
