car 593.260009766 174.850006104 645.25 224.029998779
car 38.7000007629 199.199996948 288.260009766 312.700012207
car 863.880004883 166.830001831 1164.68994141 343.380004883
car 726.880004883 174.039993286 900.659973145 253.380004883
car 717.510009766 173.339996338 854.679992676 236.75
car 710.650024414 168.289993286 823.289978027 224.710006714
car 656.340026855 173.580001831 733.849975586 204.839996338
car 645.210021973 173.809997559 697.489990234 195.169998169
car 353.089996338 176.710006714 417.820007324 213.660003662
car 397.820007324 179.089996338 446.359985352 208.970001221
car 432.410003662 182.320007324 470.049987793 203.5
car 480.149993896 178.169998169 511.209991455 195.149993896
car 339.010009766 179.339996338 378.309997559 205.039993286
car 57.0800018311 180.770004272 100.290000916 210.63999939
