car 0.0 215.839996338 214.559997559 374.0
car 151.660003662 200.669998169 356.029998779 305.369995117
car 300.109985352 194.949996948 414.970001221 265.700012207
car 378.429992676 191.600006104 461.790008545 241.669998169
car 863.400024414 148.649993896 1042.92004395 214.649993896
car 850.179992676 145.429992676 966.840026855 205.800003052
car 810.489990234 153.149993896 932.390014648 206.300003052
car 1214.31005859 127.709999084 1241.0 174.11000061
car 1164.86999512 128.539993286 1241.0 173.320007324
car 769.650024414 158.190002441 882.320007324 202.63999939
car 441.329986572 186.619995117 500.540008545 223.720001221
car 671.359985352 174.729995728 732.820007324 220.990005493
car 661.380004883 174.220001221 708.58001709 214.100006104
