pedestrian 651.599975586 140.990005493 672.599975586 201.830001831
pedestrian 280.589996338 138.080001831 316.589996338 259.100006104
pedestrian 564.58001709 158.080001831 595.25 254.88999939
pedestrian 591.239990234 151.460006714 636.909973145 254.800003052
pedestrian 726.630004883 144.529998779 767.960021973 241.949996948
pedestrian 531.159973145 142.199996948 559.159973145 227.419998169
pedestrian 513.0 141.320007324 536.33001709 219.089996338
pedestrian 476.609985352 138.740005493 500.940002441 221.759994507
pedestrian 441.549987793 139.149993896 469.890014648 224.009994507
pedestrian 561.0 140.470001221 578.659973145 194.5
pedestrian 615.119995117 142.649993896 639.119995117 196.089996338
pedestrian 397.410003662 141.509994507 419.410003662 202.990005493
