car 799.409973145 188.210006714 1092.85998535 369.429992676
car 454.209991455 176.199996948 549.440002441 265.339996338
car 0.0 207.570007324 406.829986572 374.0
car 705.780029297 194.470001221 786.609985352 250.220001221
car 744.030029297 193.630004883 864.460021973 278.920013428
car 556.840026855 186.070007324 589.25 216.550003052
car 498.859985352 190.259994507 564.010009766 243.649993896
car 700.83001709 190.529998779 757.890014648 236.589996338
car 685.5 189.419998169 730.630004883 224.720001221
car 675.650024414 188.080001831 714.450012207 219.009994507
