car 842.450012207 203.910003662 1241.0 374.0
car 0.0 220.770004272 326.119995117 374.0
car 217.440002441 197.600006104 420.670013428 333.010009766
car 357.790008545 194.679992676 485.019989014 277.410003662
car 741.789978027 185.369995117 982.280029297 329.269989014
car 708.5 182.800003052 817.599975586 263.049987793
car 944.91998291 154.979995728 1106.09997559 224.350006104
car 639.950012207 181.660003662 685.010009766 213.240005493
car 591.070007324 183.320007324 627.150024414 203.770004272
car 554.08001709 181.449996948 594.880004883 199.179992676
cyclist 497.690002441 180.229995728 515.690002441 202.089996338
