car 0.0 184.449996948 398.140014648 374.0
car 916.869995117 170.029998779 1241.0 374.0
car 260.600006104 184.410003662 502.519989014 330.869995117
car 658.91998291 177.940002441 730.280029297 229.850006104
car 743.159973145 181.919998169 1075.14001465 374.0
car 375.440002441 181.63999939 507.589996338 266.049987793
car 536.549987793 175.919998169 573.469970703 209.679992676
car 641.979980469 177.179992676 685.679992676 212.0
car 631.239990234 173.429992676 657.400024414 199.940002441
pedestrian 334.040008545 166.149993896 367.130004883 274.359985352
pedestrian 371.140014648 167.080001831 388.920013428 252.490005493
pedestrian 377.029998779 169.990005493 399.769989014 257.880004883
