car 552.460021973 174.910003662 599.179992676 210.869995117
pedestrian 726.950012207 167.979995728 779.280029297 300.100006104
pedestrian 406.910003662 167.759994507 444.579986572 272.589996338
pedestrian 338.970001221 169.509994507 370.970001221 269.709991455
pedestrian 881.929992676 163.660003662 919.929992676 267.679992676
pedestrian 838.309997559 161.63999939 882.309997559 264.220001221
pedestrian 651.369995117 167.240005493 681.369995117 239.320007324
pedestrian 732.450012207 174.899993896 770.450012207 292.600006104
pedestrian 709.549987793 172.899993896 759.109985352 276.209991455
pedestrian 698.599975586 174.13999939 726.260009766 266.880004883
pedestrian 778.770019531 163.029998779 811.770019531 254.559997559
pedestrian 785.340026855 162.050003052 815.340026855 237.729995728
