car 1146.97998047 197.070007324 1241.0 363.089996338
car 679.469970703 188.490005493 775.489990234 252.949996948
car 0.0 195.820007324 148.550003052 374.0
car 0.0 191.830001831 247.149993896 324.269989014
car 153.009994507 190.589996338 398.519989014 272.630004883
car 262.0 192.11000061 431.429992676 252.710006714
car 643.309997559 185.289993286 702.700012207 226.36000061
car 418.75 186.75 521.489990234 222.63999939
car 437.119995117 176.039993286 506.980010986 211.220001221
car 628.58001709 178.009994507 652.75 200.940002441
