car 576.58001709 177.220001221 619.380004883 216.229995728
car 0.0 178.190002441 246.350006104 375.0
car 0.0 191.25 196.119995117 301.640014648
car 206.119995117 176.210006714 348.579986572 252.809997559
car 376.420013428 184.369995117 494.679992676 261.920013428
car 337.260009766 182.669998169 422.950012207 229.75
car 490.149993896 183.550003052 546.390014648 222.149993896
car 455.709991455 180.36000061 495.5 206.190002441
car 0.0 187.309997559 59.0400009155 269.290008545
car 74.6200027466 184.800003052 222.630004883 246.559997559
