car 548.390014648 166.770004272 576.710021973 195.38999939
car 441.660003662 158.690002441 518.190002441 224.270004272
pedestrian 786.390014648 159.699996948 859.059997559 349.339996338
pedestrian 865.429992676 153.75 959.099975586 348.850006104
pedestrian 128.880004883 165.229995728 197.210006714 348.019989014
pedestrian 453.0 165.440002441 489.329986572 270.170013428
pedestrian 694.890014648 162.88999939 727.890014648 240.339996338
pedestrian 881.989990234 154.729995728 962.989990234 274.380004883
pedestrian 1131.70996094 137.970001221 1198.36999512 282.059997559
pedestrian 1001.2199707 147.740005493 1043.2199707 260.170013428
pedestrian 464.850006104 172.160003662 490.519989014 238.820007324
pedestrian 445.619995117 170.479995728 463.950012207 238.13999939
