car 942.590026855 213.399993896 1241.0 374.0
car 0.0 141.880004883 163.619995117 367.279998779
car 0.0 180.070007324 288.260009766 322.869995117
car 30.0799999237 168.910003662 357.839996338 286.890014648
car 277.160003662 173.539993286 451.369995117 236.13999939
car 355.510009766 165.36000061 484.559997559 225.160003662
car 674.190002441 182.11000061 750.369995117 238.550003052
car 758.409973145 186.660003662 1019.29998779 356.079986572
car 650.229980469 174.809997559 697.530029297 215.589996338
car 411.869995117 176.029998779 516.690002441 214.309997559
