car 595.08001709 174.320007324 638.909973145 215.779998779
car 901.840026855 180.330001831 1218.94995117 374.0
car 784.400024414 166.789993286 1015.0300293 308.369995117
car 740.510009766 173.119995117 933.150024414 264.299987793
car 712.969970703 167.910003662 869.960021973 243.940002441
car 709.960021973 174.929992676 826.409973145 231.050003052
car 690.0 174.100006104 804.940002441 219.210006714
car 531.929992676 177.460006714 551.229980469 191.119995117
car 479.029998779 181.25 515.349975586 206.820007324
car 664.780029297 172.330001831 746.679992676 204.61000061
car 648.969970703 173.759994507 715.239990234 199.009994507
car 468.279998779 175.63999939 497.980010986 195.86000061
car 446.0 176.380004883 465.519989014 191.86000061
