car 723.729980469 159.270004272 949.58001709 324.25
car 0.0 187.339996338 237.169998169 366.929992676
car 0.0 187.789993286 304.619995117 314.5
car 84.8799972534 179.679992676 344.880004883 277.929992676
car 211.259994507 159.38999939 439.839996338 251.220001221
car 185.929992676 174.550003052 390.149993896 265.630004883
car 693.429992676 180.770004272 809.039978027 257.720001221
car 272.739990234 163.160003662 431.309997559 239.990005493
car 328.130004883 171.75 476.0 227.63999939
car 406.049987793 174.490005493 509.540008545 212.509994507
car 437.720001221 165.899993896 521.289978027 205.380004883
car 647.66998291 176.149993896 691.33001709 210.380004883
car 673.710021973 176.330001831 750.590026855 235.690002441
