car 0.0 193.460006714 199.580001831 335.589996338
car 70.4100036621 189.289993286 359.410003662 294.440002441
car 182.979995728 183.440002441 419.630004883 275.269989014
car 250.279998779 178.660003662 422.470001221 260.579986572
car 263.760009766 177.839996338 462.059997559 249.300003052
car 302.329986572 178.660003662 437.230010986 237.789993286
car 347.190002441 179.910003662 478.5 230.86000061
car 351.579986572 180.630004883 488.149993896 227.710006714
car 403.260009766 176.910003662 504.5 219.039993286
car 410.690002441 166.539993286 515.900024414 215.130004883
car 699.840026855 185.960006714 798.849975586 260.510009766
car 760.900024414 174.470001221 916.66998291 236.660003662
car 694.809997559 173.729995728 777.989990234 210.789993286
car 636.479980469 181.630004883 665.299987793 203.509994507
cyclist 567.559997559 176.960006714 577.059997559 200.869995117
