car 0.0 205.130004883 187.559997559 374.0
car 314.140014648 194.270004272 480.230010986 310.299987793
car 97.0299987793 199.190002441 331.950012207 325.260009766
car 485.5 183.830001831 543.349975586 232.720001221
car 532.150024414 183.970001221 564.229980469 212.800003052
car 640.510009766 181.589996338 742.159973145 221.61000061
car 617.479980469 178.009994507 685.640014648 206.440002441
pedestrian 5.34000015259 178.220001221 48.6800003052 311.209991455
cyclist 816.5 183.059997559 984.619995117 320.709991455
cyclist 910.010009766 182.880004883 1113.77001953 359.829986572
