car 589.489990234 175.369995117 613.739990234 198.429992676
car 479.190002441 181.449996948 544.25 230.88999939
car 790.340026855 184.119995117 1143.19995117 374.0
car 709.880004883 174.190002441 883.320007324 299.790008545
car 689.440002441 171.350006104 786.049987793 259.290008545
car 655.349975586 177.929992676 717.039978027 225.36000061
car 636.809997559 177.070007324 668.83001709 205.369995117
car 647.75 176.38999939 694.909973145 217.039993286
car 371.950012207 182.770004272 441.779998779 208.429992676
car 278.220001221 182.779998779 356.910003662 209.550003052
car 625.679992676 175.470001221 648.530029297 194.63999939
pedestrian 785.109985352 158.130004883 813.770019531 240.289993286
