car 740.890014648 158.369995117 962.960021973 236.850006104
car 1062.19995117 146.479995728 1184.20996094 183.199996948
car 1031.30004883 149.679992676 1148.29003906 184.009994507
car 1003.0300293 150.190002441 1118.66003418 184.38999939
car 440.609985352 182.36000061 500.790008545 229.330001831
car 528.219970703 177.020004272 573.539978027 212.479995728
car 765.190002441 158.61000061 871.460021973 199.009994507
car 894.840026855 151.789993286 948.039978027 181.970001221
car 928.159973145 154.809997559 986.320007324 182.220001221
car 466.269989014 183.309997559 518.739990234 220.210006714
car 645.969970703 173.86000061 683.229980469 199.449996948
car 601.130004883 177.869995117 627.5 199.020004272
