car 560.929992676 178.820007324 619.619995117 232.339996338
car 0.0 207.25 286.519989014 375.0
car 0.0 185.070007324 242.990005493 307.040008545
car 280.429992676 178.289993286 476.859985352 312.649993896
car 310.980010986 178.199996948 405.760009766 235.529998779
car 474.720001221 178.429992676 543.090026855 232.080001831
car 274.130004883 184.070007324 348.390014648 221.11000061
car 507.359985352 182.240005493 547.789978027 212.910003662
car 530.25 181.919998169 558.400024414 202.800003052
car 100.080001831 187.399993896 229.86000061 245.490005493
