car 0.0 205.289993286 260.149993896 374.0
car 1075.11999512 146.429992676 1241.0 258.959991455
car 985.140014648 157.36000061 1153.81994629 242.509994507
car 922.83001709 155.309997559 1079.5 229.449996948
car 877.380004883 164.990005493 1024.11999512 222.309997559
car 849.770019531 159.800003052 964.489990234 208.779998779
car 751.659973145 171.669998169 957.659973145 315.029998779
car 719.219970703 180.449996948 821.150024414 251.559997559
car 369.25 177.800003052 509.790008545 268.269989014
car 766.630004883 158.619995117 870.270019531 203.119995117
car 501.160003662 179.100006104 562.140014648 229.669998169
car 521.109985352 176.029998779 574.570007324 216.050003052
car 615.219970703 172.330001831 681.859985352 196.419998169
