car 675.590026855 171.990005493 789.570007324 259.339996338
car 55.9799995422 182.729995728 335.489990234 286.269989014
car 129.339996338 182.119995117 405.350006104 269.440002441
car 222.130004883 185.490005493 421.820007324 256.769989014
car 331.190002441 168.770004272 486.609985352 232.580001831
car 322.670013428 177.320007324 452.880004883 237.529998779
car 663.710021973 181.740005493 737.16998291 232.910003662
car 362.209991455 169.589996338 473.209991455 224.729995728
car 389.459991455 174.759994507 501.540008545 217.630004883
car 636.820007324 179.449996948 671.820007324 207.399993896
car 653.780029297 180.36000061 707.719970703 223.759994507
