car 0.0 138.369995117 214.880004883 342.850006104
car 971.539978027 184.309997559 1241.0 374.0
car 840.08001709 188.449996948 1223.42004395 312.549987793
car 819.989990234 165.789993286 1097.40002441 282.269989014
car 240.820007324 183.320007324 428.839996338 243.559997559
car 305.089996338 182.020004272 456.720001221 234.149993896
car 631.469970703 180.570007324 692.25 225.119995117
car 423.529998779 177.38999939 503.559997559 208.729995728
car 616.859985352 177.509994507 648.780029297 204.520004272
cyclist 423.899993896 181.300003052 468.350006104 265.369995117
