car 584.270019531 179.779998779 641.66998291 226.429992676
car 0.0 182.399993896 202.470001221 374.0
car 242.020004272 178.759994507 419.950012207 278.779998779
car 315.700012207 177.429992676 474.140014648 253.880004883
car 405.170013428 177.649993896 523.020019531 224.660003662
car 458.929992676 174.960006714 539.679992676 206.880004883
car 918.66998291 202.529998779 1241.0 374.0
car 789.979980469 165.309997559 1022.77001953 308.510009766
car 833.5 172.649993896 985.719970703 230.710006714
car 591.109985352 175.470001221 626.090026855 207.38999939
car 0.0 179.429992676 202.009994507 282.420013428
car 165.220001221 180.729995728 308.25 251.080001831
car 254.830001831 167.759994507 332.670013428 205.210006714
pedestrian 710.260009766 174.899993896 728.91998291 225.380004883
