car 1040.68005371 185.089996338 1241.0 374.0
car 260.839996338 198.63999939 499.200012207 333.230010986
car 793.739990234 183.679992676 909.83001709 264.269989014
car 767.270019531 183.419998169 852.08001709 239.539993286
car 515.059997559 184.660003662 594.979980469 240.649993896
car 559.33001709 184.210006714 614.960021973 226.460006714
car 755.150024414 182.470001221 814.08001709 226.529998779
car 626.299987793 181.339996338 670.530029297 211.330001831
car 705.409973145 179.770004272 752.270019531 202.490005493
pedestrian 833.890014648 165.470001221 858.940002441 230.949996948
