pedestrian 958.340026855 145.899993896 980.520019531 209.25
pedestrian 366.420013428 144.259994507 457.540008545 369.0
pedestrian 245.970001221 136.779998779 345.920013428 361.700012207
pedestrian 325.329986572 123.38999939 425.630004883 369.0
pedestrian 784.599975586 152.039993286 821.090026855 236.61000061
pedestrian 1061.48999023 139.330001831 1095.65002441 242.520004272
pedestrian 1095.08996582 128.220001221 1136.52001953 249.419998169
pedestrian 1077.25 147.820007324 1109.26000977 245.490005493
cyclist 932.229980469 140.850006104 1020.63000488 237.5
cyclist 1006.15997314 145.61000061 1099.33996582 222.690002441
