car 687.450012207 185.369995117 779.849975586 250.160003662
car 0.0 187.039993286 311.380004883 375.0
car 632.400024414 178.75 665.760009766 204.220001221
car 289.130004883 185.850006104 463.329986572 292.820007324
car 150.690002441 185.88999939 311.339996338 260.959991455
car 442.809997559 179.279998779 510.059997559 228.179992676
car 324.529998779 183.38999939 404.309997559 227.660003662
car 499.420013428 181.88999939 539.440002441 210.119995117
car 523.700012207 180.660003662 555.039978027 202.509994507
car 587.16998291 178.220001221 616.33001709 205.580001831
