car 597.070007324 181.059997559 663.33001709 243.869995117
car 810.380004883 169.080001831 1028.66003418 293.220001221
car 711.869995117 178.36000061 817.559997559 233.380004883
car 675.630004883 180.75 765.599975586 219.130004883
car 0.0 198.720001221 141.220001221 357.970001221
car 395.100006104 182.330001831 473.899993896 232.5
car 501.260009766 180.199996948 544.950012207 209.839996338
car 195.380004883 190.660003662 328.559997559 247.589996338
car 297.809997559 180.350006104 379.760009766 231.289993286
car 564.640014648 179.910003662 595.989990234 197.770004272
car 396.339996338 181.869995117 455.019989014 213.520004272
car 478.170013428 183.330001831 526.179992676 204.869995117
car 2.44000005722 187.75 147.559997559 246.080001831
car 41.5200004578 184.800003052 171.740005493 223.410003662
car 656.409973145 177.350006104 679.780029297 192.509994507
