car 801.58001709 192.009994507 1241.0 374.0
car 695.070007324 170.539993286 807.08001709 262.070007324
car 135.589996338 174.88999939 401.230010986 267.059997559
car 231.050003052 173.520004272 430.359985352 251.869995117
car 261.730010986 160.270004272 418.549987793 242.149993896
car 302.459991455 179.729995728 436.339996338 232.279998779
car 367.739990234 175.619995117 488.190002441 221.830001831
car 396.339996338 175.759994507 507.649993896 220.850006104
car 406.850006104 170.029998779 496.440002441 214.479995728
car 405.940002441 171.600006104 517.030029297 212.679992676
car 461.720001221 163.5 535.570007324 198.029998779
car 655.719970703 178.039993286 703.950012207 215.979995728
car 626.429992676 174.149993896 648.650024414 191.320007324
cyclist 576.799987793 171.809997559 583.440002441 189.210006714
