car 594.469970703 177.75 636.679992676 217.660003662
car 16.8700008392 192.5 208.25 269.119995117
car 179.710006714 182.910003662 312.390014648 243.399993896
car 730.799987793 173.399993896 870.200012207 244.710006714
car 714.450012207 175.839996338 845.090026855 234.119995117
car 680.119995117 178.88999939 793.08001709 225.669998169
car 669.460021973 175.619995117 765.940002441 220.86000061
car 659.179992676 174.570007324 739.590026855 210.38999939
car 541.619995117 180.429992676 558.659973145 193.490005493
car 502.510009766 177.820007324 524.059997559 193.470001221
