pedestrian 644.880004883 144.089996338 661.880004883 202.979995728
pedestrian 281.309997559 138.039993286 316.980010986 259.160003662
pedestrian 714.820007324 180.38999939 772.150024414 354.350006104
pedestrian 769.41998291 166.240005493 843.08001709 351.470001221
pedestrian 622.659973145 148.740005493 647.33001709 221.770004272
pedestrian 587.109985352 139.210006714 632.440002441 247.820007324
pedestrian 574.849975586 140.380004883 606.520019531 237.009994507
pedestrian 536.599975586 138.050003052 572.270019531 245.559997559
pedestrian 518.380004883 138.410003662 555.380004883 247.800003052
pedestrian 500.230010986 142.820007324 522.559997559 204.309997559
pedestrian 477.209991455 143.449996948 494.209991455 205.38999939
pedestrian 468.390014648 145.0 494.720001221 209.38999939
pedestrian 394.339996338 141.509994507 415.339996338 206.229995728
pedestrian 417.839996338 146.729995728 433.510009766 203.169998169
pedestrian 435.049987793 141.660003662 456.049987793 206.770004272
