car 0.0 150.669998169 207.199996948 370.980010986
car 873.780029297 202.36000061 1241.0 374.0
car 690.880004883 175.490005493 810.150024414 271.109985352
car 0.0 189.990005493 300.019989014 317.779998779
car 126.75 188.86000061 367.399993896 286.589996338
car 158.970001221 182.240005493 407.440002441 268.25
car 668.450012207 182.929992676 747.219970703 236.740005493
car 650.530029297 177.330001831 697.739990234 219.830001831
car 418.700012207 169.679992676 499.070007324 213.899993896
car 458.109985352 182.559997559 529.369995117 210.61000061
car 636.739990234 179.25 665.900024414 203.479995728
