car 588.130004883 188.529998779 641.039978027 232.759994507
car 97.5299987793 192.410003662 366.130004883 346.410003662
car 233.75 185.470001221 431.970001221 294.429992676
car 357.890014648 184.919998169 489.420013428 244.339996338
car 1212.91003418 170.119995117 1241.0 317.450012207
car 594.719970703 183.759994507 628.969970703 215.36000061
car 0.0 178.240005493 138.449996948 248.169998169
car 120.599998474 187.759994507 228.740005493 230.0
car 205.089996338 183.410003662 342.859985352 249.820007324
pedestrian 848.020019531 180.440002441 899.679992676 300.549987793
pedestrian 206.160003662 172.800003052 226.5 221.449996948
pedestrian 274.829986572 180.179992676 289.160003662 211.779998779
