car 1203.65002441 102.839996338 1241.0 235.630004883
car 330.720001221 193.220001221 475.559997559 281.559997559
car 37.6899986267 192.11000061 397.619995117 374.0
car 755.440002441 171.13999939 859.200012207 233.630004883
car 430.899993896 183.63999939 520.640014648 244.970001221
car 494.350006104 186.880004883 549.280029297 229.350006104
car 514.659973145 184.279998779 562.210021973 220.149993896
car 654.059997559 179.059997559 700.780029297 218.149993896
car 742.799987793 167.740005493 884.039978027 215.649993896
car 668.91998291 180.240005493 723.83001709 212.929992676
car 699.380004883 176.449996948 756.429992676 207.570007324
car 600.150024414 173.619995117 639.260009766 186.550003052
