car 917.119995117 187.220001221 1241.0 374.0
car 410.510009766 163.320007324 542.83001709 282.130004883
car 0.0 215.179992676 239.949996948 374.0
car 729.940002441 188.809997559 842.940002441 257.230010986
car 790.960021973 190.710006714 989.020019531 314.739990234
car 556.640014648 179.330001831 592.469970703 212.61000061
car 483.25 181.259994507 561.650024414 245.240005493
car 721.549987793 184.809997559 792.239990234 238.679992676
car 700.179992676 182.729995728 754.630004883 222.259994507
car 686.719970703 181.039993286 732.369995117 214.839996338
