car 467.630004883 155.960006714 520.570007324 196.880004883
car 503.440002441 163.539993286 556.559997559 194.050003052
car 549.549987793 164.380004883 612.58001709 190.949996948
car 728.849975586 161.490005493 776.530029297 184.649993896
car 767.200012207 160.179992676 819.450012207 184.830001831
car 794.739990234 164.559997559 854.989990234 184.240005493
car 831.840026855 164.789993286 876.66998291 184.630004883
car 854.010009766 165.449996948 903.400024414 184.220001221
car 876.679992676 163.649993896 934.739990234 183.240005493
car 949.530029297 160.75 1005.55999756 179.529998779
car 974.380004883 161.929992676 1023.51000977 179.11000061
pedestrian 87.0400009155 163.660003662 103.040000916 215.960006714
pedestrian 521.140014648 161.399993896 532.140014648 197.320007324
