car 571.58001709 177.460006714 615.590026855 217.580001831
car 0.0 178.919998169 377.440002441 375.0
car 0.0 193.220001221 150.13999939 323.899993896
car 279.989990234 176.990005493 386.019989014 238.570007324
car 409.239990234 183.080001831 504.980010986 247.330001831
car 371.209991455 181.839996338 441.290008545 221.960006714
car 496.179992676 183.470001221 546.440002441 218.380004883
car 464.510009766 180.410003662 500.540008545 204.259994507
car 0.0 186.009994507 168.600006104 261.829986572
car 171.929992676 183.979995728 280.160003662 233.529998779
