car 587.530029297 188.899993896 640.41998291 233.149993896
car 0.0 195.919998169 300.609985352 374.0
car 168.050003052 189.089996338 395.480010986 322.769989014
car 333.239990234 187.630004883 477.399993896 253.86000061
car 594.099975586 184.089996338 628.090026855 215.479995728
car 0.0 178.160003662 95.2799987793 249.990005493
car 80.1100006104 190.460006714 201.460006714 236.649993896
car 159.449996948 185.899993896 320.399993896 260.950012207
car 293.040008545 183.11000061 383.619995117 235.38999939
pedestrian 891.039978027 179.490005493 959.039978027 323.290008545
pedestrian 180.740005493 174.509994507 202.740005493 226.550003052
pedestrian 260.529998779 182.210006714 269.529998779 215.399993896
