car 959.280029297 189.740005493 1241.0 359.730010986
car 0.0 177.619995117 314.230010986 307.290008545
car 640.320007324 183.75 674.520019531 208.570007324
car 436.890014648 177.830001831 530.469970703 212.029998779
car 713.869995117 182.369995117 828.760009766 225.240005493
car 321.980010986 173.990005493 474.660003662 237.020004272
car 270.309997559 184.270004272 459.290008545 253.339996338
car 102.599998474 183.149993896 397.779998779 285.179992676
car 800.770019531 182.070007324 974.450012207 252.630004883
car 833.969970703 190.029998779 1038.18005371 265.209991455
