car 596.58001709 181.330001831 701.049987793 280.299987793
car 724.119995117 174.479995728 853.359985352 234.979995728
car 690.150024414 179.050003052 766.549987793 216.809997559
car 669.549987793 180.509994507 737.890014648 208.820007324
car 185.669998169 195.160003662 343.190002441 278.910003662
car 0.0 201.070007324 206.039993286 282.619995117
car 502.369995117 181.63999939 541.489990234 208.0
car 563.940002441 179.160003662 592.130004883 198.919998169
car 599.190002441 177.399993896 621.619995117 193.089996338
car 342.260009766 187.039993286 418.859985352 224.619995117
car 394.450012207 180.130004883 447.179992676 217.240005493
car 452.049987793 181.809997559 497.010009766 206.960006714
car 510.470001221 183.130004883 551.340026855 201.160003662
car 219.779998779 185.070007324 300.670013428 223.38999939
car 202.520004272 183.919998169 289.089996338 212.369995117
