car 0.0 186.070007324 412.679992676 369.0
car 1139.76000977 152.199996948 1223.0 194.119995117
car 457.149993896 168.75 488.230010986 191.690002441
pedestrian 647.390014648 151.86000061 703.530029297 253.770004272
pedestrian 398.279998779 153.509994507 454.540008545 272.350006104
pedestrian 113.680000305 176.740005493 155.949996948 257.679992676
pedestrian 102.0 182.979995728 134.429992676 261.910003662
pedestrian 0.0 186.75 53.6399993896 271.540008545
pedestrian 113.459999084 164.160003662 151.86000061 265.989990234
cyclist 1022.58001709 146.179992676 1081.0 194.660003662
cyclist 932.150024414 149.130004883 964.039978027 208.240005493
cyclist 335.480010986 164.529998779 439.200012207 263.160003662
