car 724.109985352 170.13999939 894.049987793 301.880004883
car 0.0 181.320007324 319.859985352 316.109985352
car 97.25 175.600006104 374.809997559 281.529998779
car 162.509994507 160.970001221 370.690002441 266.600006104
car 227.429992676 182.580001831 397.299987793 247.940002441
car 320.670013428 180.899993896 467.480010986 236.649993896
car 357.600006104 179.240005493 490.869995117 232.720001221
car 375.220001221 172.479995728 480.570007324 224.279998779
car 376.630004883 172.61000061 505.239990234 219.910003662
car 447.170013428 163.800003052 528.619995117 201.729995728
car 664.729980469 181.830001831 720.809997559 226.589996338
car 710.16998291 171.119995117 814.25 214.130004883
car 629.0 176.419998169 652.890014648 194.789993286
cyclist 573.900024414 172.229995728 581.239990234 191.259994507
