car 588.0 177.690002441 618.049987793 206.279998779
car 994.0 194.830001831 1241.0 374.0
car 802.260009766 181.289993286 1175.5300293 374.0
car 674.66998291 177.580001831 755.960021973 237.279998779
car 657.260009766 177.710006714 710.359985352 224.669998169
car 641.320007324 173.169998169 672.400024414 203.539993286
car 308.760009766 192.089996338 400.450012207 243.410003662
car 368.25 184.710006714 438.720001221 228.669998169
car 420.269989014 181.660003662 472.660003662 214.990005493
pedestrian 765.489990234 167.440002441 789.159973145 233.289993286
