car 0.0 213.220001221 249.5 374.0
car 349.390014648 200.339996338 489.720001221 302.320007324
car 166.029998779 203.679992676 358.570007324 313.119995117
car 1176.91003418 164.25 1241.0 277.929992676
car 491.109985352 192.179992676 544.679992676 239.490005493
car 534.219970703 191.309997559 562.979980469 218.0
car 634.729980469 185.369995117 731.239990234 223.649993896
car 612.359985352 186.949996948 678.150024414 214.649993896
pedestrian 112.449996948 188.089996338 147.119995117 296.269989014
cyclist 791.309997559 188.800003052 929.570007324 305.179992676
cyclist 852.929992676 187.5 1010.54998779 328.959991455
