car 694.58001709 184.990005493 797.510009766 255.869995117
car 99.1800003052 181.149993896 407.429992676 366.709991455
car 636.849975586 177.300003052 673.479980469 204.929992676
car 0.0 186.440002441 146.13999939 314.779998779
car 363.649993896 182.919998169 488.640014648 263.619995117
car 233.160003662 184.020004272 355.220001221 244.88999939
car 350.390014648 183.63999939 420.429992676 223.86000061
car 507.299987793 181.369995117 544.059997559 207.589996338
car 527.140014648 179.990005493 554.690002441 200.820007324
car 588.400024414 177.839996338 616.210021973 203.940002441
car 617.679992676 178.119995117 631.219970703 191.910003662
