car 863.559997559 210.050003052 1241.0 374.0
car 426.839996338 192.490005493 500.359985352 251.720001221
car 0.0 202.830001831 335.480010986 374.0
car 750.960021973 194.380004883 971.849975586 344.609985352
car 681.179992676 190.789993286 785.090026855 268.260009766
car 647.880004883 185.039993286 723.619995117 243.449996948
car 632.75 191.350006104 691.229980469 234.899993896
car 460.299987793 192.490005493 516.979980469 235.419998169
car 491.5 191.460006714 529.440002441 221.199996948
car 750.650024414 176.119995117 818.5 209.61000061
