pedestrian 838.590026855 135.289993286 901.91998291 299.589996338
pedestrian 866.650024414 149.270004272 896.650024414 207.600006104
pedestrian 676.549987793 154.240005493 706.549987793 252.240005493
pedestrian 614.380004883 151.240005493 654.719970703 247.429992676
pedestrian 622.289978027 145.690002441 663.289978027 250.949996948
pedestrian 893.41998291 146.779998779 919.41998291 214.179992676
pedestrian 1106.33996582 142.929992676 1131.01000977 217.869995117
pedestrian 1134.81994629 136.179992676 1172.81994629 221.979995728
pedestrian 1114.93005371 147.220001221 1147.26000977 217.699996948
cyclist 832.210021973 140.36000061 907.289978027 254.229995728
