car 556.940002441 176.720001221 601.780029297 211.270004272
pedestrian 711.66998291 169.929992676 755.650024414 292.440002441
pedestrian 420.380004883 170.61000061 457.779998779 263.989990234
pedestrian 374.470001221 172.820007324 401.690002441 261.700012207
pedestrian 849.809997559 165.880004883 886.390014648 256.299987793
pedestrian 814.900024414 163.410003662 846.16998291 252.029998779
pedestrian 649.58001709 169.38999939 677.659973145 239.330001831
pedestrian 729.150024414 173.690002441 768.429992676 285.019989014
pedestrian 692.08001709 174.63999939 724.91998291 263.149993896
pedestrian 769.849975586 164.259994507 800.530029297 251.899993896
pedestrian 781.219970703 162.020004272 804.789978027 235.100006104
