car 580.159973145 176.720001221 636.099975586 222.190002441
car 0.0 200.149993896 406.359985352 374.0
car 0.0 203.13999939 145.160003662 374.0
car 62.1899986267 193.839996338 275.239990234 318.5
car 293.369995117 182.440002441 431.980010986 247.490005493
car 333.980010986 176.039993286 460.640014648 236.460006714
car 399.170013428 180.38999939 491.980010986 218.36000061
car 520.119995117 180.880004883 570.950012207 217.589996338
car 452.299987793 174.25 531.700012207 205.199996948
car 677.109985352 180.190002441 757.260009766 238.710006714
car 0.0 185.669998169 132.940002441 243.839996338
car 592.429992676 174.470001221 628.090026855 207.009994507
car 254.800003052 176.529998779 323.820007324 209.339996338
pedestrian 768.16998291 164.36000061 783.840026855 219.940002441
