car 866.969970703 174.11000061 1241.0 374.0
car 0.0 151.63999939 177.710006714 361.899993896
car 0.0 189.399993896 274.910003662 303.140014648
car 158.5 188.009994507 396.5 276.019989014
car 243.660003662 182.509994507 445.380004883 261.709991455
car 290.350006104 179.220001221 441.160003662 251.669998169
car 298.880004883 176.330001831 475.829986572 240.479995728
car 368.440002441 178.460006714 488.279998779 225.229995728
car 423.429992676 165.910003662 522.130004883 211.63999939
car 691.140014648 184.580001831 775.789978027 249.550003052
car 748.150024414 173.210006714 888.650024414 229.809997559
car 691.309997559 171.5 769.979980469 206.600006104
car 635.760009766 178.779998779 663.400024414 199.699996948
cyclist 570.809997559 176.210006714 579.739990234 198.86000061
