car 883.770019531 175.539993286 1241.0 374.0
car 684.640014648 167.080001831 952.359985352 275.269989014
car 0.0 199.440002441 277.670013428 364.679992676
car 649.390014648 180.399993896 697.159973145 221.25
car 635.059997559 174.779998779 677.739990234 213.529998779
car 546.539978027 176.119995117 565.010009766 195.5
pedestrian 994.739990234 159.589996338 1018.40997314 229.369995117
pedestrian 724.109985352 170.869995117 741.109985352 217.289993286
pedestrian 587.5 174.910003662 596.5 197.199996948
pedestrian 592.340026855 176.179992676 600.010009766 197.869995117
