car 634.719970703 173.320007324 663.91998291 199.100006104
car 553.630004883 178.220001221 582.239990234 201.149993896
car 388.320007324 175.940002441 510.380004883 220.759994507
car 322.570007324 167.529998779 476.089996338 233.990005493
car 652.510009766 181.539993286 699.390014648 215.11000061
car 663.450012207 184.570007324 740.400024414 237.009994507
car 166.550003052 182.100006104 414.959991455 268.480010986
car 0.0 198.690002441 220.660003662 335.510009766
car 0.0 199.589996338 150.809997559 374.0
car 1016.2199707 186.559997559 1241.0 374.0
