car 562.229980469 166.759994507 598.66998291 195.0
pedestrian 407.549987793 152.869995117 472.980010986 364.950012207
pedestrian 326.760009766 162.119995117 419.529998779 373.0
pedestrian 637.809997559 156.869995117 671.369995117 243.13999939
pedestrian 485.230010986 162.940002441 507.230010986 218.179992676
pedestrian 478.049987793 164.029998779 496.160003662 216.940002441
pedestrian 634.08001709 157.869995117 653.570007324 216.990005493
pedestrian 689.869995117 158.61000061 714.849975586 241.880004883
pedestrian 729.090026855 153.550003052 754.510009766 222.740005493
pedestrian 752.630004883 150.520004272 772.770019531 211.179992676
pedestrian 330.619995117 165.880004883 389.540008545 253.850006104
pedestrian 716.039978027 162.279998779 737.609985352 232.419998169
