car 0.0 215.0 224.5 374.0
car 1180.92004395 136.729995728 1241.0 286.440002441
car 1001.70001221 151.529998779 1241.0 266.450012207
car 239.789993286 195.679992676 406.100006104 281.359985352
car 771.239990234 182.470001221 1023.82000732 332.709991455
car 716.450012207 176.649993896 840.929992676 266.950012207
car 366.399993896 190.289993286 453.369995117 249.210006714
car 681.41998291 180.339996338 749.700012207 227.289993286
car 443.679992676 186.11000061 506.130004883 225.679992676
car 664.380004883 181.970001221 720.239990234 219.929992676
car 502.299987793 182.160003662 535.369995117 208.699996948
car 649.729980469 179.210006714 689.099975586 209.0
car 561.270019531 175.429992676 603.369995117 191.86000061
