car 750.219970703 174.660003662 981.359985352 346.019989014
car 0.0 185.850006104 250.399993896 362.510009766
car 0.0 177.190002441 332.630004883 305.529998779
car 88.6200027466 161.020004272 336.890014648 284.519989014
car 176.570007324 184.13999939 372.480010986 258.619995117
car 288.369995117 183.470001221 453.230010986 245.820007324
car 332.489990234 180.850006104 480.239990234 239.839996338
car 357.190002441 175.839996338 472.399993896 232.169998169
car 358.809997559 173.380004883 498.369995117 224.520004272
car 408.950012207 177.690002441 506.970001221 216.449996948
car 443.649993896 166.899993896 529.309997559 206.789993286
car 670.619995117 183.690002441 732.159973145 233.020004272
car 719.909973145 171.490005493 832.380004883 217.679992676
car 680.090026855 173.800003052 749.229980469 204.839996338
car 631.0 178.63999939 655.869995117 197.679992676
cyclist 573.840026855 175.990005493 581.570007324 195.970001221
