pedestrian 1011.84002686 139.61000061 1102.17004395 364.589996338
pedestrian 1047.64001465 145.240005493 1119.17004395 361.049987793
pedestrian 652.630004883 141.470001221 672.299987793 202.339996338
pedestrian 282.649993896 138.089996338 321.480010986 259.299987793
pedestrian 515.190002441 154.399993896 545.320007324 232.699996948
pedestrian 552.049987793 148.820007324 582.770019531 232.38999939
pedestrian 833.890014648 147.720001221 889.539978027 270.160003662
pedestrian 478.890014648 141.419998169 506.119995117 219.490005493
pedestrian 474.420013428 141.020004272 497.980010986 212.309997559
pedestrian 433.200012207 140.330001831 463.230010986 214.539993286
pedestrian 430.660003662 139.179992676 458.899993896 215.570007324
pedestrian 598.700012207 139.990005493 612.869995117 193.979995728
pedestrian 645.520019531 145.789993286 665.179992676 198.75
