car 409.940002441 177.25 484.880004883 203.009994507
pedestrian 1038.70996094 115.13999939 1241.0 374.0
pedestrian 99.5999984741 173.429992676 132.100006104 261.959991455
pedestrian 1066.4699707 130.300003052 1233.13000488 374.0
pedestrian 936.320007324 211.339996338 1005.11999512 351.399993896
pedestrian 983.010009766 209.630004883 1043.7199707 348.209991455
pedestrian 915.5 165.600006104 938.239990234 223.779998779
cyclist 333.649993896 162.160003662 393.290008545 259.170013428
cyclist 365.779998779 165.699996948 415.970001221 244.089996338
cyclist 610.599975586 170.979995728 653.309997559 218.119995117
