car 1148.08996582 140.229995728 1241.0 274.589996338
car 1028.0 156.199996948 1241.0 253.419998169
car 943.849975586 159.929992676 1110.76000977 236.309997559
car 990.200012207 186.619995117 1241.0 374.0
car 782.950012207 189.38999939 1065.79003906 354.179992676
car 0.0 181.350006104 407.299987793 374.0
car 891.510009766 158.839996338 1029.08996582 220.86000061
car 801.510009766 152.130004883 946.380004883 212.800003052
car 424.739990234 170.13999939 526.210021973 247.460006714
car 473.200012207 167.309997559 546.690002441 222.270004272
