car 1096.02001953 185.309997559 1223.0 236.710006714
car 1032.01000977 183.789993286 1157.58996582 232.570007324
car 952.630004883 181.919998169 1068.61999512 234.479995728
car 602.549987793 172.419998169 636.760009766 202.740005493
pedestrian 784.479980469 156.149993896 840.08001709 292.970001221
pedestrian 824.640014648 165.38999939 883.5 285.459991455
pedestrian 486.859985352 159.13999939 533.619995117 260.130004883
pedestrian 284.640014648 155.300003052 317.5 233.419998169
pedestrian 321.329986572 162.740005493 353.829986572 233.380004883
pedestrian 210.320007324 154.770004272 237.259994507 224.179992676
pedestrian 245.029998779 155.070007324 269.769989014 223.440002441
pedestrian 283.119995117 159.580001831 306.019989014 221.660003662
cyclist 0.0 171.600006104 224.070007324 369.0
