car 550.570007324 168.789993286 588.059997559 197.910003662
pedestrian 265.480010986 146.13999939 339.480010986 373.0
pedestrian 134.869995117 166.589996338 340.769989014 373.0
pedestrian 643.66998291 158.529998779 675.010009766 248.520004272
pedestrian 471.529998779 165.320007324 493.859985352 225.309997559
pedestrian 453.109985352 166.380004883 473.109985352 223.169998169
pedestrian 625.179992676 160.050003052 646.179992676 220.699996948
pedestrian 684.219970703 160.820007324 710.890014648 247.839996338
pedestrian 721.91998291 156.13999939 749.91998291 227.580001831
pedestrian 760.809997559 152.720001221 780.140014648 215.059997559
pedestrian 292.079986572 166.0 329.420013428 260.380004883
pedestrian 718.210021973 165.0 736.880004883 237.38999939
