car 0.0 134.020004272 228.330001831 374.0
car 835.590026855 201.649993896 1241.0 374.0
car 0.0 145.350006104 255.869995117 316.160003662
car 57.9599990845 175.949996948 343.25 290.380004883
car 118.769996643 166.830001831 391.220001221 266.269989014
car 309.899993896 173.130004883 466.269989014 229.63999939
car 375.410003662 163.240005493 493.859985352 218.369995117
car 669.200012207 177.460006714 737.119995117 228.210006714
car 732.950012207 180.649993896 923.020019531 308.730010986
car 649.260009766 170.509994507 693.400024414 208.729995728
car 424.970001221 171.070007324 523.070007324 206.990005493
