car 593.070007324 180.63999939 658.700012207 242.779998779
car 1008.90002441 161.309997559 1241.0 374.0
car 738.320007324 178.160003662 873.489990234 252.61000061
car 687.109985352 180.919998169 796.059997559 228.710006714
car 33.7599983215 189.160003662 296.160003662 321.380004883
car 412.559997559 182.309997559 488.369995117 227.850006104
car 19.8899993896 193.350006104 233.550003052 272.880004883
car 216.419998169 180.399993896 325.869995117 244.270004272
car 522.030029297 181.380004883 564.190002441 205.36000061
car 357.549987793 183.100006104 430.660003662 220.240005493
car 458.260009766 183.220001221 512.039978027 207.350006104
car 0.0 184.240005493 73.9599990845 228.660003662
car 641.380004883 177.63999939 667.070007324 195.830001831
car 248.839996338 182.830001831 336.589996338 218.820007324
