pedestrian 587.599975586 185.279998779 602.599975586 223.410003662
pedestrian 0.0 177.399993896 20.0300006866 243.86000061
pedestrian 13.5500001907 184.080001831 39.5499992371 241.63999939
pedestrian 180.240005493 180.779998779 201.240005493 240.570007324
pedestrian 163.649993896 184.949996948 182.979995728 235.779998779
pedestrian 510.809997559 177.210006714 528.809997559 221.61000061
pedestrian 545.41998291 182.990005493 560.090026855 227.199996948
cyclist 765.849975586 175.619995117 826.989990234 259.079986572
cyclist 442.359985352 176.539993286 526.789978027 313.339996338
cyclist 538.469970703 180.600006104 572.570007324 220.009994507
