car 562.609985352 180.830001831 620.979980469 228.380004883
car 0.0 221.929992676 397.779998779 374.0
car 266.890014648 190.470001221 476.929992676 343.720001221
car 385.709991455 191.240005493 508.190002441 277.779998779
car 254.059997559 189.970001221 400.489990234 261.640014648
car 523.700012207 179.559997559 560.969970703 206.75
car 820.479980469 213.61000061 1241.0 374.0
car 723.5 178.080001831 904.260009766 312.239990234
car 635.070007324 181.630004883 686.539978027 219.880004883
car 150.399993896 182.350006104 253.059997559 220.850006104
car 573.260009766 176.589996338 610.119995117 210.039993286
car 0.0 189.119995117 79.1399993896 247.419998169
pedestrian 707.989990234 168.25 720.650024414 207.710006714
