car 0.0 190.779998779 207.449996948 361.820007324
car 0.0 184.410003662 289.040008545 313.160003662
car 140.410003662 179.679992676 377.910003662 271.359985352
car 192.88999939 159.419998169 412.470001221 255.520004272
car 1130.35998535 175.61000061 1241.0 374.0
car 986.609985352 188.729995728 1241.0 358.640014648
car 880.619995117 182.710006714 1174.61999512 296.179992676
car 848.659973145 179.740005493 1047.68005371 271.040008545
car 779.229980469 180.199996948 994.950012207 260.200012207
car 742.590026855 183.350006104 930.950012207 244.940002441
car 739.140014648 171.830001831 890.030029297 237.460006714
car 364.850006104 180.720001221 489.910003662 221.770004272
car 399.690002441 179.089996338 504.709991455 215.919998169
car 632.309997559 178.86000061 676.090026855 211.300003052
car 620.799987793 176.729995728 646.729980469 198.820007324
cyclist 513.66998291 178.570007324 533.289978027 222.910003662
