car 10.6199998856 182.240005493 454.260009766 374.0
car 850.41998291 189.779998779 1241.0 374.0
car 708.739990234 189.770004272 916.559997559 343.690002441
car 353.609985352 184.429992676 498.190002441 306.190002441
car 427.320007324 185.960006714 526.700012207 259.75
car 675.349975586 179.679992676 780.969970703 258.809997559
car 649.570007324 181.080001831 722.219970703 237.940002441
car 514.049987793 178.470001221 560.739990234 216.710006714
car 538.150024414 170.440002441 578.109985352 210.089996338
car 558.770019531 174.169998169 594.799987793 206.669998169
