car 0.0 193.710006714 271.399993896 340.700012207
car 44.9000015259 185.449996948 363.820007324 306.149993896
car 159.410003662 178.020004272 379.089996338 280.260009766
car 191.570007324 179.050003052 433.75 265.260009766
car 251.119995117 178.229995728 412.339996338 247.929992676
car 306.420013428 181.880004883 459.769989014 240.820007324
car 315.040008545 178.710006714 471.269989014 232.190002441
car 377.170013428 175.0 490.839996338 221.899993896
car 389.880004883 165.550003052 506.559997559 219.179992676
car 717.359985352 188.740005493 849.070007324 284.359985352
car 783.109985352 174.649993896 968.729980469 247.600006104
car 700.510009766 172.440002441 791.460021973 212.830001831
car 636.809997559 179.309997559 667.590026855 202.550003052
cyclist 561.929992676 178.240005493 572.440002441 204.36000061
