car 438.179992676 179.130004883 526.859985352 212.149993896
car 637.859985352 182.740005493 686.719970703 217.279998779
car 339.220001221 178.240005493 482.209991455 229.460006714
car 194.190002441 185.479995728 407.859985352 262.239990234
car 772.25 181.130004883 979.789978027 256.549987793
car 97.9400024414 187.830001831 364.980010986 277.380004883
car 0.0 168.089996338 321.309997559 305.600006104
car 0.0 191.259994507 268.339996338 351.890014648
car 0.0 199.679992676 163.660003662 374.0
car 1106.40002441 183.419998169 1241.0 374.0
