car 0.0 193.009994507 345.619995117 374.0
car 987.929992676 121.080001831 1241.0 215.100006104
car 1154.73999023 129.289993286 1241.0 185.429992676
car 407.320007324 184.240005493 500.519989014 242.990005493
car 292.630004883 184.630004883 457.769989014 282.350006104
car 714.16998291 169.649993896 786.010009766 216.630004883
car 465.390014648 179.729995728 529.5 226.059997559
car 507.459991455 181.940002441 550.049987793 215.869995117
car 635.179992676 175.75 676.809997559 208.539993286
car 707.159973145 171.740005493 818.200012207 210.190002441
car 674.359985352 174.029998779 724.090026855 200.809997559
car 662.039978027 167.470001221 707.08001709 183.789993286
car 576.130004883 169.600006104 621.190002441 183.070007324
car 470.350006104 172.259994507 508.579986572 184.929992676
