car 592.570007324 173.289993286 642.260009766 220.279998779
car 308.529998779 187.75 411.149993896 243.679992676
car 774.75 168.38999939 992.130004883 276.760009766
car 700.539978027 173.119995117 843.510009766 234.059997559
car 696.760009766 173.220001221 812.090026855 224.660003662
car 695.140014648 167.429992676 792.890014648 215.229995728
car 650.5 172.550003052 721.020019531 200.619995117
car 378.769989014 174.559997559 434.399993896 207.419998169
car 415.119995117 175.779998779 458.359985352 203.029998779
car 486.200012207 175.770004272 513.299987793 191.710006714
car 359.309997559 176.449996948 393.899993896 200.009994507
car 104.61000061 178.809997559 145.979995728 205.770004272
