car 462.859985352 170.369995117 550.549987793 236.059997559
pedestrian 874.549987793 149.710006714 987.549987793 373.0
pedestrian 362.769989014 156.880004883 402.769989014 259.209991455
pedestrian 813.780029297 162.619995117 884.780029297 354.880004883
pedestrian 637.909973145 161.220001221 702.159973145 333.850006104
pedestrian 496.179992676 163.050003052 553.179992676 304.540008545
pedestrian 713.66998291 156.88999939 775.0 295.220001221
pedestrian 577.960021973 157.809997559 626.299987793 275.119995117
pedestrian 653.090026855 169.880004883 703.090026855 313.730010986
pedestrian 632.909973145 153.570007324 680.909973145 261.040008545
pedestrian 652.630004883 160.130004883 734.489990234 292.359985352
