car 597.049987793 177.949996948 620.989990234 200.729995728
car 977.239990234 191.199996948 1241.0 374.0
car 523.789978027 181.300003052 565.729980469 215.0
car 727.650024414 183.449996948 875.900024414 287.799987793
car 685.409973145 176.320007324 789.840026855 256.380004883
car 674.729980469 173.86000061 742.650024414 237.320007324
car 652.729980469 179.199996948 702.320007324 217.649993896
car 637.729980469 176.690002441 665.489990234 201.509994507
car 403.519989014 183.020004272 464.679992676 205.839996338
car 319.75 183.130004883 388.700012207 206.919998169
pedestrian 758.659973145 161.300003052 780.289978027 225.25
