car 820.359985352 186.690002441 1169.79003906 374.0
car 457.760009766 175.589996338 549.260009766 210.259994507
car 699.969970703 168.089996338 780.960021973 198.279998779
car 892.510009766 167.419998169 989.66998291 195.119995117
car 456.929992676 177.300003052 526.349975586 205.929992676
car 219.75 182.220001221 296.059997559 211.820007324
car 575.539978027 173.910003662 599.66998291 190.240005493
car 536.239990234 176.0 564.359985352 192.690002441
pedestrian 445.209991455 169.880004883 464.549987793 224.910003662
cyclist 898.75 168.550003052 993.590026855 238.759994507
