car 900.700012207 155.199996948 1241.0 374.0
car 0.0 156.75 340.269989014 320.170013428
car 0.0 185.0 203.789993286 372.730010986
car 758.659973145 193.179992676 1026.82995605 362.179992676
car 74.8499984741 170.240005493 342.570007324 293.790008545
car 183.270004272 187.929992676 399.660003662 277.529998779
car 211.339996338 182.960006714 428.720001221 263.660003662
car 349.459991455 187.369995117 484.739990234 236.910003662
car 401.029998779 177.869995117 506.179992676 227.089996338
car 663.409973145 190.279998779 721.780029297 236.089996338
car 708.150024414 190.899993896 841.390014648 289.329986572
car 646.200012207 185.169998169 686.16998291 220.61000061
