car 0.0 184.61000061 263.350006104 312.320007324
car 50.6199989319 185.160003662 371.130004883 290.179992676
car 138.119995117 181.100006104 389.309997559 266.989990234
car 839.799987793 184.449996948 1241.0 374.0
car 688.190002441 190.490005493 775.289978027 251.38999939
car 270.049987793 183.199996948 443.019989014 253.679992676
car 364.109985352 180.169998169 477.160003662 233.0
car 734.109985352 185.800003052 854.070007324 224.970001221
car 413.059997559 163.910003662 510.929992676 215.119995117
car 458.959991455 181.149993896 536.479980469 207.270004272
car 482.290008545 177.179992676 551.260009766 205.910003662
