car 1119.68005371 134.039993286 1241.0 374.0
car 786.159973145 126.260002136 1241.0 374.0
car 737.979980469 173.61000061 892.820007324 294.529998779
car 511.850006104 174.300003052 550.390014648 211.63999939
car 311.190002441 188.580001831 437.859985352 270.5
car 0.0 186.559997559 312.959991455 374.0
pedestrian 709.859985352 164.570007324 731.859985352 220.020004272
pedestrian 715.530029297 164.949996948 737.530029297 218.080001831
pedestrian 631.150024414 172.830001831 643.489990234 202.619995117
pedestrian 425.75 183.699996948 440.75 221.910003662
