car 0.0 222.88999939 129.949996948 374.0
car 874.619995117 179.800003052 1241.0 374.0
car 94.0800018311 196.899993896 329.100006104 322.779998779
car 723.429992676 179.36000061 856.929992676 263.570007324
car 347.299987793 184.919998169 459.769989014 246.11000061
car 687.479980469 179.75 779.030029297 238.279998779
car 469.640014648 178.160003662 514.809997559 212.580001831
car 662.460021973 175.020004272 718.229980469 215.830001831
car 656.099975586 176.509994507 701.530029297 210.669998169
car 495.320007324 173.940002441 552.229980469 192.759994507
