car 579.909973145 183.179992676 639.880004883 232.289993286
car 0.0 196.649993896 136.479995728 374.0
car 196.960006714 181.580001831 366.329986572 273.140014648
car 358.140014648 192.75 524.770019531 295.160003662
car 449.359985352 183.88999939 536.33001709 256.739990234
car 372.089996338 181.529998779 474.369995117 227.320007324
car 545.450012207 180.809997559 573.700012207 203.160003662
car 773.039978027 189.320007324 1146.11999512 374.0
car 710.890014648 192.539993286 879.809997559 296.730010986
car 684.890014648 179.479995728 774.179992676 250.229995728
car 637.590026855 183.86000061 676.309997559 213.910003662
car 583.070007324 179.36000061 620.760009766 213.770004272
car 131.229995728 180.880004883 235.449996948 222.309997559
pedestrian 998.25 189.740005493 1203.56994629 374.0
