car 412.869995117 172.949996948 556.650024414 276.109985352
car 743.369995117 166.830001831 955.570007324 323.079986572
car 483.109985352 174.839996338 595.960021973 242.830001831
car 689.200012207 174.13999939 737.030029297 212.039993286
car 720.119995117 178.210006714 828.440002441 256.619995117
car 593.530029297 171.080001831 623.969970703 198.399993896
car 679.880004883 174.009994507 714.010009766 202.13999939
pedestrian 475.700012207 163.839996338 494.809997559 233.240005493
pedestrian 483.399993896 165.770004272 496.869995117 224.350006104
pedestrian 497.010009766 166.619995117 510.660003662 226.179992676
