car 585.5 171.289993286 659.049987793 231.070007324
car 0.0 156.399993896 184.899993896 239.229995728
car 335.070007324 155.470001221 480.730010986 229.960006714
car 365.980010986 162.259994507 499.75 217.199996948
car 402.130004883 167.179992676 527.0 213.809997559
car 468.209991455 162.160003662 547.08001709 199.520004272
car 510.179992676 159.919998169 570.760009766 184.009994507
car 684.190002441 166.75 746.609985352 208.330001831
car 670.270019531 158.440002441 720.119995117 197.5
car 584.859985352 163.0 626.25 200.759994507
car 274.149993896 159.630004883 349.339996338 191.589996338
pedestrian 322.100006104 138.13999939 373.440002441 302.350006104
pedestrian 656.690002441 160.880004883 672.190002441 194.75
cyclist 1160.9699707 168.199996948 1241.0 366.079986572
