car 590.41998291 176.820007324 619.900024414 204.86000061
car 861.989990234 188.910003662 1241.0 374.0
car 764.260009766 178.550003052 1007.59997559 342.029998779
car 670.570007324 177.350006104 742.320007324 230.910003662
car 654.66998291 178.089996338 703.150024414 221.240005493
car 640.880004883 172.350006104 670.780029297 201.270004272
car 339.640014648 190.509994507 419.839996338 236.580001831
car 387.769989014 183.039993286 450.279998779 223.399993896
car 432.890014648 181.520004272 481.209991455 212.850006104
pedestrian 749.66998291 168.279998779 770.0 226.380004883
