car 711.450012207 158.699996948 852.130004883 208.800003052
car 1111.80004883 140.690002441 1241.0 180.619995117
car 1200.08996582 134.38999939 1241.0 181.070007324
car 987.450012207 146.729995728 1080.68005371 175.619995117
car 969.789978027 148.059997559 1060.44995117 175.399993896
car 506.779998779 175.36000061 548.510009766 209.0
car 579.799987793 170.270004272 607.890014648 192.13999939
car 871.619995117 150.600006104 913.030029297 176.009994507
car 903.179992676 151.720001221 949.010009766 175.059997559
car 660.799987793 166.919998169 691.359985352 187.970001221
