car 775.479980469 183.279998779 1161.58996582 374.0
car 286.149993896 199.929992676 446.079986572 296.640014648
car 679.280029297 180.449996948 771.5 250.220001221
car 415.160003662 182.630004883 502.160003662 245.089996338
car 489.75 182.630004883 531.869995117 217.270004272
car 519.380004883 183.729995728 549.5 205.460006714
car 630.140014648 178.229995728 649.030029297 193.770004272
car 646.739990234 175.660003662 692.460021973 213.529998779
cyclist 569.880004883 177.410003662 578.700012207 199.020004272
cyclist 581.179992676 176.949996948 589.520019531 197.339996338
