pedestrian 681.780029297 148.039993286 700.33001709 204.38999939
pedestrian 272.109985352 136.13999939 311.75 256.149993896
pedestrian 650.989990234 143.910003662 717.530029297 292.489990234
pedestrian 726.659973145 131.779998779 784.469970703 286.420013428
pedestrian 608.549987793 140.199996948 646.450012207 249.809997559
pedestrian 573.059997559 141.710006714 613.450012207 253.320007324
pedestrian 662.359985352 142.36000061 722.400024414 242.979995728
pedestrian 719.460021973 142.729995728 749.320007324 237.479995728
pedestrian 1190.22998047 194.070007324 1223.0 272.940002441
pedestrian 467.480010986 141.179992676 501.269989014 252.830001831
pedestrian 487.820007324 148.479995728 512.260009766 241.630004883
pedestrian 520.969970703 137.600006104 553.099975586 241.059997559
pedestrian 563.700012207 153.160003662 582.719970703 239.089996338
pedestrian 537.140014648 143.460006714 564.770019531 234.779998779
pedestrian 453.350006104 144.720001221 475.410003662 217.119995117
pedestrian 523.469970703 146.800003052 542.039978027 212.960006714
