car 596.900024414 175.660003662 625.150024414 202.529998779
car 749.119995117 181.25 982.010009766 332.730010986
car 0.0 204.380004883 132.279998779 290.299987793
car 714.650024414 177.779998779 837.33001709 269.720001221
car 663.869995117 175.839996338 719.039978027 218.350006104
car 642.869995117 172.63999939 669.539978027 198.449996948
car 396.220001221 187.300003052 456.140014648 223.940002441
car 429.429992676 183.88999939 478.329986572 217.789993286
car 461.609985352 180.330001831 501.940002441 207.410003662
pedestrian 724.609985352 168.179992676 740.849975586 213.210006714
