car 597.179992676 178.589996338 678.010009766 244.210006714
car 276.059997559 173.270004272 361.230010986 216.699996948
car 444.910003662 173.970001221 534.640014648 214.830001831
car 472.089996338 176.88999939 555.159973145 206.289993286
car 503.880004883 172.960006714 565.429992676 198.770004272
car 532.179992676 171.710006714 578.049987793 189.979995728
car 580.380004883 173.949996948 624.880004883 214.350006104
car 361.839996338 174.940002441 410.700012207 198.050003052
pedestrian 491.880004883 161.770004272 510.880004883 226.690002441
cyclist 814.33001709 170.029998779 901.010009766 234.830001831
