car 0.0 189.869995117 109.669998169 371.820007324
car 0.0 190.75 287.170013428 326.299987793
car 14.279999733 182.449996948 340.910003662 288.839996338
car 202.160003662 180.440002441 406.019989014 260.5
car 240.86000061 166.429992676 434.730010986 252.330001831
car 1006.73999023 176.600006104 1241.0 370.730010986
car 918.020019531 188.690002441 1241.0 321.480010986
car 843.609985352 189.029998779 1083.93005371 284.570007324
car 822.460021973 185.199996948 992.440002441 264.700012207
car 763.880004883 183.740005493 953.890014648 254.88999939
car 732.729980469 186.240005493 902.030029297 242.009994507
car 730.789978027 175.919998169 867.989990234 235.869995117
car 383.540008545 183.449996948 499.670013428 221.88999939
car 414.529998779 185.479995728 512.799987793 220.320007324
car 633.460021973 184.960006714 674.700012207 216.089996338
car 623.049987793 181.149993896 648.0 202.440002441
cyclist 523.929992676 182.669998169 541.309997559 222.869995117
