car 9.85999965668 192.979995728 258.459991455 280.829986572
car 194.88999939 182.050003052 357.470001221 248.309997559
car 250.440002441 178.660003662 392.049987793 235.050003052
car 281.910003662 181.919998169 415.390014648 228.520004272
car 319.019989014 174.589996338 442.420013428 222.869995117
car 358.070007324 180.509994507 456.700012207 218.919998169
car 396.649993896 178.160003662 468.079986572 211.929992676
car 416.290008545 181.929992676 491.390014648 208.300003052
car 432.820007324 173.929992676 498.239990234 203.539993286
car 447.0 175.5 512.5 202.009994507
car 458.179992676 175.86000061 520.150024414 199.820007324
