car 705.929992676 189.119995117 855.049987793 284.640014648
car 0.0 194.479995728 281.459991455 330.200012207
car 50.5099983215 187.479995728 337.690002441 294.420013428
car 116.680000305 190.509994507 365.540008545 276.350006104
car 208.490005493 186.660003662 407.25 260.890014648
car 651.650024414 183.88999939 727.380004883 235.220001221
car 378.179992676 184.11000061 503.940002441 227.119995117
car 644.429992676 182.190002441 690.789978027 213.990005493
car 391.709991455 182.169998169 490.709991455 222.710006714
car 408.899993896 174.11000061 491.570007324 215.320007324
car 630.140014648 174.800003052 658.280029297 200.119995117
