car 703.150024414 172.970001221 849.25 286.839996338
car 0.0 195.059997559 225.36000061 359.970001221
car 26.1100006104 191.080001831 324.179992676 309.899993896
car 84.1900024414 183.36000061 379.239990234 284.220001221
car 191.100006104 188.479995728 401.839996338 263.480010986
car 675.549987793 183.009994507 764.91998291 243.169998169
car 654.059997559 175.399993896 705.25 221.179992676
car 406.670013428 172.580001831 492.679992676 219.690002441
car 450.940002441 182.460006714 526.359985352 212.100006104
car 639.140014648 179.259994507 670.030029297 204.740005493
