car 0.0 184.050003052 140.410003662 374.0
car 637.030029297 182.550003052 675.010009766 209.800003052
car 410.760009766 178.580001831 516.520019531 217.029998779
car 725.960021973 182.460006714 860.650024414 232.440002441
car 251.449996948 171.410003662 441.670013428 248.5
car 207.119995117 181.240005493 433.760009766 257.440002441
car 162.309997559 185.839996338 413.630004883 276.380004883
car 48.7700004578 186.199996948 337.440002441 295.079986572
car 0.0 187.990005493 304.329986572 340.290008545
car 845.869995117 183.630004883 1074.9699707 275.450012207
car 897.340026855 191.100006104 1181.55004883 294.029998779
