car 913.739990234 173.11000061 1241.0 374.0
car 0.0 148.449996948 120.309997559 374.0
car 0.0 191.240005493 240.899993896 317.540008545
car 118.319999695 188.600006104 379.399993896 284.420013428
car 215.539993286 182.949996948 433.350006104 268.0
car 271.540008545 178.960006714 432.339996338 255.850006104
car 282.260009766 177.050003052 469.290008545 244.649993896
car 316.119995117 178.779998779 444.049987793 235.059997559
car 358.260009766 179.160003662 483.579986572 227.919998169
car 410.809997559 177.460006714 508.489990234 218.210006714
car 417.25 166.210006714 519.109985352 213.339996338
car 695.260009766 185.229995728 786.549987793 254.669998169
car 754.239990234 173.809997559 901.989990234 233.070007324
car 693.020019531 172.580001831 773.880004883 208.63999939
car 636.119995117 180.220001221 664.33001709 201.570007324
cyclist 569.229980469 176.570007324 578.429992676 199.839996338
