car 600.039978027 182.86000061 669.780029297 249.339996338
car 762.090026855 173.259994507 938.739990234 263.369995117
car 702.880004883 179.630004883 796.479980469 227.369995117
car 672.549987793 181.61000061 753.5 215.800003052
car 248.679992676 192.0 387.880004883 267.600006104
car 472.739990234 183.929992676 522.25 219.169998169
car 537.559997559 181.789993286 571.799987793 205.619995117
car 260.709991455 192.130004883 366.649993896 240.880004883
car 340.510009766 181.830001831 408.089996338 226.960006714
car 588.260009766 181.169998169 615.510009766 196.440002441
car 418.869995117 185.11000061 469.5 214.380004883
car 490.179992676 184.800003052 536.489990234 205.089996338
car 100.010002136 187.550003052 214.520004272 237.070007324
car 106.959999084 185.600006104 218.36000061 220.130004883
car 645.08001709 179.880004883 671.690002441 195.740005493
