pedestrian 687.820007324 148.050003052 705.33001709 205.580001831
pedestrian 273.980010986 136.600006104 312.200012207 256.670013428
pedestrian 899.820007324 143.419998169 999.559997559 369.0
pedestrian 887.659973145 136.789993286 967.820007324 330.390014648
pedestrian 770.770019531 137.770004272 911.33001709 360.920013428
pedestrian 817.159973145 141.710006714 913.66998291 369.0
pedestrian 566.020019531 141.559997559 605.489990234 237.029998779
pedestrian 602.700012207 134.190002441 642.619995117 233.119995117
pedestrian 562.58001709 140.899993896 595.75 223.910003662
pedestrian 527.679992676 142.229995728 563.890014648 227.770004272
pedestrian 594.020019531 145.119995117 628.650024414 214.5
pedestrian 442.440002441 141.369995117 467.880004883 228.36000061
pedestrian 469.720001221 147.61000061 491.619995117 221.589996338
pedestrian 487.859985352 137.419998169 513.599975586 220.119995117
pedestrian 519.859985352 152.61000061 541.429992676 221.320007324
