car 0.0 183.679992676 272.989990234 356.209991455
car 9.85999965668 176.789993286 311.619995117 312.579986572
car 78.2200012207 176.210006714 389.450012207 285.010009766
car 173.929992676 176.0 373.410003662 260.429992676
car 249.029998779 182.990005493 433.470001221 252.919998169
car 267.230010986 180.929992676 449.649993896 242.88999939
car 345.089996338 172.149993896 474.559997559 225.020004272
car 362.549987793 164.470001221 493.570007324 224.309997559
car 743.070007324 191.100006104 933.309997559 321.549987793
car 812.460021973 173.520004272 1041.43005371 261.730010986
car 762.479980469 181.970001221 899.789978027 238.809997559
car 705.440002441 180.899993896 825.640014648 220.440002441
car 707.880004883 173.740005493 808.299987793 218.149993896
car 437.269989014 179.199996948 527.390014648 209.229995728
car 460.019989014 180.869995117 538.200012207 208.679992676
car 636.150024414 179.729995728 669.229980469 204.600006104
cyclist 554.25 178.399993896 566.049987793 207.320007324
