car 0.0 161.309997559 165.839996338 315.470001221
car 22.4599990845 175.550003052 384.959991455 289.950012207
car 731.599975586 186.279998779 965.429992676 331.519989014
car 842.739990234 180.880004883 1043.59997559 258.720001221
car 759.159973145 178.740005493 955.41998291 240.36000061
car 303.890014648 171.190002441 465.790008545 228.509994507
car 633.809997559 175.410003662 659.609985352 194.470001221
car 479.559997559 170.210006714 549.390014648 195.940002441
car 684.409973145 175.649993896 763.489990234 205.5
car 409.609985352 173.979995728 518.349975586 214.440002441
car 727.039978027 173.0 826.690002441 214.470001221
