car 595.090026855 177.149993896 637.820007324 217.559997559
car 0.0 185.059997559 198.619995117 277.079986572
car 812.559997559 169.039993286 1023.51000977 293.579986572
car 764.979980469 172.699996948 947.969970703 261.040008545
car 708.539978027 177.970001221 852.270019531 243.880004883
car 688.869995117 171.190002441 810.950012207 231.619995117
car 683.58001709 175.029998779 795.66998291 222.449996948
car 671.66998291 172.740005493 771.020019531 217.38999939
car 527.400024414 180.190002441 548.840026855 196.169998169
car 643.299987793 175.11000061 696.460021973 195.050003052
car 492.209991455 177.059997559 516.239990234 194.149993896
