car 588.320007324 184.649993896 641.690002441 228.669998169
car 230.070007324 183.380004883 438.760009766 283.640014648
car 314.100006104 179.550003052 471.839996338 259.950012207
car 394.559997559 181.880004883 507.109985352 231.470001221
car 1043.31005859 174.429992676 1241.0 295.519989014
car 593.929992676 178.339996338 627.190002441 208.679992676
car 55.7700004578 169.86000061 204.940002441 228.470001221
car 185.369995117 180.11000061 273.589996338 215.759994507
pedestrian 790.0 175.279998779 834.0 265.600006104
pedestrian 252.25 166.710006714 269.25 209.690002441
pedestrian 304.779998779 173.600006104 316.119995117 202.490005493
