car 0.0 194.199996948 329.959991455 374.0
car 248.880004883 185.229995728 454.660003662 303.459991455
car 1055.11999512 147.160003662 1202.48999023 236.649993896
car 924.789978027 162.520004272 1057.81994629 233.539993286
car 866.289978027 163.61000061 977.989990234 225.509994507
car 838.849975586 166.869995117 949.299987793 219.210006714
car 810.390014648 166.38999939 916.729980469 215.070007324
car 790.049987793 170.990005493 896.299987793 211.270004272
car 682.16998291 174.440002441 772.739990234 246.160003662
car 671.320007324 181.699996948 732.549987793 226.779998779
car 451.220001221 176.13999939 531.340026855 231.779998779
car 725.260009766 165.589996338 803.729980469 200.100006104
