pedestrian 675.099975586 145.259994507 693.099975586 201.940002441
pedestrian 256.200012207 137.11000061 295.200012207 258.950012207
pedestrian 879.91998291 135.070007324 1099.38000488 369.0
pedestrian 973.659973145 116.809997559 1206.0 369.0
pedestrian 742.099975586 143.330001831 819.099975586 308.690002441
pedestrian 679.260009766 144.919998169 736.929992676 305.109985352
pedestrian 835.760009766 140.210006714 901.099975586 305.0
pedestrian 911.820007324 145.63999939 965.159973145 303.140014648
pedestrian 953.059997559 165.86000061 996.729980469 243.380004883
pedestrian 491.019989014 143.509994507 539.020019531 298.369995117
pedestrian 533.799987793 153.809997559 563.469970703 283.670013428
pedestrian 567.950012207 139.350006104 611.289978027 281.220001221
pedestrian 616.109985352 158.880004883 650.450012207 275.299987793
pedestrian 632.119995117 142.210006714 670.119995117 267.149993896
pedestrian 477.279998779 142.979995728 507.619995117 234.86000061
pedestrian 559.549987793 146.839996338 586.549987793 231.309997559
pedestrian 593.700012207 141.830001831 622.369995117 233.429992676
pedestrian 642.460021973 141.710006714 683.270019531 228.330001831
