car 727.679992676 159.710006714 906.719970703 223.029998779
car 1200.18005371 133.570007324 1241.0 180.440002441
car 1029.25 144.100006104 1137.73999023 177.160003662
car 1003.64001465 148.580001831 1107.98999023 179.520004272
car 475.190002441 175.830001831 525.900024414 215.839996338
car 556.08001709 171.869995117 591.440002441 200.11000061
car 762.75 153.559997559 858.289978027 190.020004272
car 885.869995117 150.029998779 933.270019531 178.059997559
car 921.66998291 150.13999939 973.08001709 175.910003662
car 654.440002441 168.770004272 689.640014648 192.220001221
