car 374.230010986 174.429992676 537.520019531 289.100006104
car 742.859985352 165.550003052 989.690002441 344.399993896
car 456.760009766 175.149993896 575.320007324 248.11000061
car 679.16998291 174.149993896 728.75 213.149993896
car 714.840026855 174.779998779 833.340026855 259.350006104
car 578.239990234 169.830001831 608.820007324 197.830001831
car 669.58001709 169.160003662 704.450012207 197.940002441
pedestrian 454.799987793 160.559997559 473.589996338 233.529998779
pedestrian 466.160003662 165.100006104 477.320007324 226.259994507
pedestrian 473.570007324 166.850006104 487.450012207 228.899993896
