car 697.320007324 185.130004883 804.599975586 258.660003662
car 0.0 215.899993896 121.099998474 375.0
car 324.010009766 178.470001221 473.640014648 279.470001221
car 642.200012207 176.63999939 683.409973145 207.5
car 69.1200027466 184.089996338 272.829986572 276.579986572
car 430.899993896 180.369995117 514.890014648 237.160003662
car 312.529998779 185.940002441 399.940002441 233.850006104
car 392.029998779 183.800003052 447.329986572 217.630004883
car 516.969970703 179.910003662 549.119995117 203.179992676
car 587.969970703 176.729995728 613.789978027 200.970001221
car 620.08001709 177.36000061 634.880004883 192.279998779
