car 565.609985352 181.089996338 623.309997559 228.11000061
car 33.6699981689 195.600006104 434.549987793 374.0
car 321.429992676 192.100006104 491.160003662 307.470001221
car 182.279998779 191.059997559 357.059997559 281.829986572
car 352.790008545 182.169998169 460.339996338 229.130004883
car 381.630004883 177.25 481.570007324 223.190002441
car 427.019989014 180.550003052 499.010009766 211.61000061
car 522.840026855 178.720001221 564.809997559 208.460006714
car 459.470001221 175.240005493 528.260009766 201.869995117
car 778.400024414 171.300003052 1086.77001953 374.0
car 646.570007324 180.100006104 704.119995117 223.220001221
car 101.059997559 184.649993896 222.949996948 228.440002441
car 581.280029297 176.449996948 617.58001709 209.589996338
pedestrian 727.280029297 167.899993896 738.619995117 211.5
