car 439.529998779 155.020004272 494.429992676 197.11000061
car 476.899993896 162.38999939 531.390014648 193.679992676
car 525.020019531 163.990005493 589.539978027 191.199996948
car 706.479980469 161.570007324 754.530029297 185.009994507
car 745.5 159.300003052 797.859985352 184.25
car 773.729980469 164.660003662 833.630004883 184.479995728
car 809.989990234 164.050003052 854.400024414 184.020004272
car 832.400024414 165.619995117 881.619995117 184.479995728
car 854.840026855 163.320007324 912.659973145 183.020004272
car 925.780029297 161.13999939 981.0 179.880004883
car 950.989990234 162.199996948 999.429992676 179.36000061
pedestrian 33.3199996948 162.020004272 72.1399993896 217.570007324
pedestrian 488.149993896 162.059997559 501.399993896 199.089996338
