car 584.570007324 179.279998779 640.66998291 224.960006714
car 167.619995117 184.179992676 391.899993896 303.359985352
car 281.529998779 164.490005493 466.760009766 272.510009766
car 381.980010986 181.380004883 515.289978027 236.029998779
car 402.339996338 178.470001221 519.359985352 226.899993896
car 452.869995117 176.039993286 534.599975586 209.529998779
car 479.929992676 176.089996338 550.770019531 205.949996948
car 656.950012207 177.429992676 690.570007324 203.470001221
car 588.929992676 175.149993896 625.229980469 207.059997559
car 0.0 188.070007324 143.910003662 301.519989014
car 2.90000009537 178.600006104 181.619995117 237.710006714
car 166.210006714 172.179992676 264.390014648 220.270004272
