car 1179.72998047 208.320007324 1241.0 374.0
car 800.650024414 180.059997559 1097.16003418 368.220001221
car 112.279998779 200.029998779 331.600006104 320.549987793
car 454.570007324 188.160003662 500.390014648 220.929992676
car 646.809997559 175.520004272 686.16998291 206.289993286
car 476.299987793 186.990005493 516.359985352 213.990005493
car 126.180000305 201.869995117 199.350006104 230.13999939
car 171.520004272 199.990005493 237.589996338 227.559997559
car 209.929992676 196.559997559 279.869995117 226.36000061
car 260.600006104 196.960006714 321.989990234 226.699996948
