car 719.609985352 168.600006104 905.469970703 308.089996338
car 0.0 203.25 104.529998779 374.0
car 0.0 193.839996338 263.779998779 345.320007324
car 0.0 184.880004883 341.200012207 306.390014648
car 126.709999084 190.440002441 374.230010986 277.660003662
car 684.030029297 183.440002441 787.41998291 251.929992676
car 658.549987793 174.869995117 714.549987793 224.520004272
car 355.579986572 179.369995117 492.5 228.759994507
car 393.040008545 171.520004272 485.619995117 221.970001221
car 442.649993896 181.809997559 522.719970703 213.160003662
car 641.710021973 179.100006104 674.58001709 205.940002441
