car 593.590026855 176.279998779 646.909973145 226.699996948
car 0.0 213.300003052 137.279998779 366.739990234
car 954.0 165.440002441 1241.0 374.0
car 745.16998291 175.529998779 939.549987793 269.100006104
car 731.659973145 173.410003662 883.090026855 245.169998169
car 720.570007324 168.850006104 842.479980469 230.86000061
car 659.820007324 174.509994507 741.090026855 207.580001831
car 646.799987793 174.100006104 700.849975586 196.259994507
car 338.119995117 176.240005493 407.989990234 215.350006104
car 387.649993896 179.61000061 439.269989014 210.970001221
car 425.670013428 183.190002441 465.420013428 205.339996338
car 475.329986572 179.270004272 508.75 196.679992676
car 327.489990234 181.070007324 369.540008545 208.059997559
car 30.4599990845 182.300003052 74.5800018311 213.86000061
