car 0.0 204.699996948 245.119995117 374.0
car 679.609985352 176.820007324 782.859985352 252.940002441
car 163.089996338 181.38999939 332.779998779 242.880004883
car 760.239990234 185.25 976.140014648 327.859985352
car 668.280029297 176.160003662 733.190002441 230.279998779
car 428.079986572 180.539993286 501.170013428 230.649993896
car 465.149993896 172.660003662 521.150024414 219.419998169
car 843.890014648 195.449996948 1241.0 374.0
car 496.390014648 174.660003662 539.91998291 212.320007324
car 534.309997559 178.699996948 556.880004883 193.25
