car 0.0 225.520004272 134.429992676 374.0
car 63.9700012207 205.210006714 311.579986572 335.209991455
car 271.239990234 196.160003662 409.059997559 271.429992676
car 1000.82000732 135.929992676 1241.0 241.169998169
car 961.340026855 137.050003052 1148.13000488 227.089996338
car 889.380004883 145.729995728 1070.35998535 221.289993286
car 829.450012207 154.509994507 987.619995117 214.990005493
car 389.489990234 188.899993896 474.760009766 237.880004883
car 692.859985352 175.820007324 789.900024414 241.679992676
car 676.099975586 173.600006104 741.070007324 226.179992676
