car 673.510009766 178.929992676 754.960021973 240.460006714
car 0.0 229.270004272 243.929992676 374.0
car 912.340026855 162.210006714 1225.51000977 250.679992676
car 864.25 141.089996338 1096.69995117 231.940002441
car 390.709991455 183.919998169 466.269989014 236.619995117
car 192.5 197.600006104 359.619995117 289.989990234
car 793.679992676 161.039993286 952.200012207 216.770004272
car 461.380004883 183.229995728 508.660003662 216.369995117
car 1105.79003906 146.61000061 1241.0 192.630004883
car 1054.56005859 146.800003052 1191.55004883 184.070007324
