car 668.039978027 181.679992676 734.840026855 230.190002441
car 624.409973145 178.130004883 651.770019531 199.580001831
car 0.0 192.160003662 371.369995117 375.0
car 0.0 191.059997559 166.710006714 313.019989014
car 399.799987793 178.809997559 489.309997559 240.589996338
car 251.970001221 182.410003662 361.660003662 238.070007324
car 480.420013428 180.559997559 528.940002441 212.929992676
car 521.729980469 180.619995117 549.609985352 204.660003662
car 585.650024414 177.169998169 617.119995117 206.710006714
car 463.25 179.559997559 499.049987793 202.559997559
