car 0.0 188.899993896 142.899993896 374.0
car 0.0 180.0 238.009994507 332.309997559
car 713.710021973 191.880004883 851.239990234 283.910003662
car 63.3699989319 183.330001831 351.779998779 295.670013428
car 270.799987793 175.330001831 427.959991455 246.419998169
car 760.570007324 188.270004272 918.190002441 238.960006714
car 699.659973145 174.960006714 811.710021973 218.449996948
car 363.239990234 154.899993896 484.450012207 217.539993286
car 426.5 177.970001221 517.679992676 208.440002441
car 456.920013428 171.440002441 536.049987793 204.240005493
