car 261.429992676 179.690002441 469.440002441 307.709991455
car 1188.66003418 131.229995728 1223.0 174.539993286
car 1068.25 148.320007324 1211.02001953 185.589996338
pedestrian 586.450012207 154.470001221 624.380004883 232.119995117
pedestrian 395.559997559 156.059997559 429.709991455 245.309997559
pedestrian 166.75 177.63999939 194.470001221 242.580001831
pedestrian 146.089996338 181.300003052 175.0 244.169998169
pedestrian 167.929992676 177.669998169 204.550003052 243.5
pedestrian 122.470001221 172.539993286 166.169998169 255.529998779
pedestrian 272.0 163.029998779 298.410003662 243.990005493
cyclist 1116.08996582 131.169998169 1210.35998535 206.13999939
cyclist 857.950012207 151.259994507 906.260009766 194.149993896
cyclist 883.890014648 147.190002441 913.299987793 197.399993896
cyclist 291.589996338 167.380004883 380.369995117 248.320007324
