car 0.0 198.949996948 301.720001221 369.0
car 446.920013428 171.199996948 481.269989014 195.949996948
car 973.539978027 153.11000061 1099.98999023 192.520004272
pedestrian 994.979980469 137.369995117 1099.97998047 290.359985352
pedestrian 633.950012207 154.710006714 704.280029297 305.190002441
pedestrian 628.190002441 152.119995117 710.849975586 321.029998779
pedestrian 180.699996948 172.199996948 227.699996948 278.529998779
pedestrian 181.630004883 176.61000061 215.630004883 281.130004883
cyclist 989.539978027 148.429992676 1025.80004883 217.509994507
cyclist 819.320007324 158.130004883 943.190002441 267.820007324
