car 332.859985352 179.13999939 463.480010986 267.950012207
pedestrian 338.059997559 157.529998779 432.799987793 373.0
pedestrian 365.279998779 167.880004883 431.579986572 372.260009766
pedestrian 228.729995728 175.210006714 299.700012207 372.190002441
pedestrian 151.990005493 174.289993286 227.460006714 326.790008545
pedestrian 437.950012207 160.839996338 483.609985352 312.160003662
pedestrian 242.190002441 179.479995728 300.480010986 333.459991455
pedestrian 360.959991455 167.059997559 432.899993896 312.410003662
pedestrian 656.380004883 162.270004272 678.690002441 219.570007324
pedestrian 537.440002441 170.470001221 550.200012207 215.729995728
pedestrian 548.059997559 168.839996338 562.510009766 215.869995117
cyclist 481.149993896 166.059997559 508.239990234 225.679992676
