car 434.75 170.38999939 528.510009766 239.210006714
pedestrian 740.119995117 153.059997559 846.450012207 373.0
pedestrian 706.979980469 163.949996948 770.650024414 340.459991455
pedestrian 539.530029297 162.160003662 602.200012207 327.380004883
pedestrian 423.489990234 164.509994507 478.489990234 299.920013428
pedestrian 643.83001709 159.710006714 698.83001709 292.75
pedestrian 509.130004883 157.850006104 554.460021973 274.660003662
pedestrian 549.260009766 170.080001831 599.960021973 304.779998779
pedestrian 535.880004883 154.399993896 603.280029297 258.790008545
pedestrian 582.549987793 158.75 634.219970703 285.470001221
