car 353.540008545 142.240005493 482.549987793 242.229995728
pedestrian 597.799987793 160.75 623.799987793 217.160003662
pedestrian 616.369995117 157.990005493 641.369995117 219.279998779
pedestrian 37.9199981689 147.440002441 167.580001831 373.0
pedestrian 182.679992676 162.089996338 224.020004272 275.019989014
pedestrian 226.789993286 157.059997559 275.450012207 298.769989014
pedestrian 782.989990234 143.589996338 841.989990234 298.779998779
pedestrian 1030.35998535 125.199996948 1161.68994141 355.130004883
pedestrian 357.880004883 163.660003662 381.880004883 230.61000061
pedestrian 514.950012207 158.460006714 533.280029297 218.220001221
