car 579.229980469 176.699996948 616.570007324 210.75
car 0.0 200.080001831 298.089996338 375.0
car 0.0 194.11000061 133.0 328.779998779
car 270.489990234 186.600006104 383.779998779 245.190002441
car 401.220001221 188.130004883 512.359985352 259.600006104
car 376.209991455 183.88999939 444.049987793 223.600006104
car 471.779998779 184.699996948 524.859985352 219.0
car 0.0 185.589996338 180.229995728 259.829986572
car 242.100006104 185.11000061 327.220001221 223.309997559
car 312.190002441 177.509994507 378.179992676 213.240005493
