car 0.0 124.550003052 320.140014648 373.0
car 360.279998779 167.240005493 470.660003662 255.070007324
pedestrian 583.409973145 181.089996338 603.409973145 234.970001221
pedestrian 600.880004883 177.470001221 621.909973145 233.11000061
pedestrian 253.36000061 171.820007324 333.649993896 359.380004883
pedestrian 304.600006104 181.070007324 342.059997559 272.559997559
pedestrian 275.350006104 178.61000061 327.940002441 279.149993896
pedestrian 781.109985352 164.490005493 835.729980469 297.489990234
pedestrian 1016.16998291 158.25 1108.85998535 332.529998779
pedestrian 333.160003662 184.509994507 362.559997559 250.910003662
pedestrian 500.380004883 179.38999939 516.450012207 231.190002441
