car 731.210021973 170.100006104 920.859985352 306.410003662
car 683.520019531 160.940002441 795.450012207 256.899993896
car 664.200012207 161.25 743.619995117 233.460006714
car 658.549987793 170.0 712.239990234 218.660003662
car 529.890014648 166.449996948 556.530029297 193.380004883
car 451.220001221 176.710006714 504.359985352 216.0
car 0.0 202.699996948 258.269989014 374.0
car 179.38999939 189.720001221 380.429992676 305.190002441
car 316.649993896 182.669998169 440.850006104 260.309997559
car 391.190002441 175.460006714 475.290008545 233.880004883
pedestrian 942.5 139.169998169 998.16998291 271.829986572
pedestrian 631.190002441 161.61000061 645.849975586 195.619995117
pedestrian 639.41998291 163.119995117 651.41998291 196.039993286
pedestrian 589.520019531 167.029998779 599.520019531 189.940002441
cyclist 101.019996643 181.559997559 291.320007324 374.0
cyclist 374.869995117 169.25 432.690002441 280.200012207
