car 859.609985352 208.38999939 1241.0 374.0
car 985.599975586 205.729995728 1241.0 345.440002441
car 819.150024414 196.13999939 1117.65002441 288.600006104
car 187.649993896 187.440002441 419.019989014 268.260009766
car 638.700012207 192.699996948 668.16998291 215.289993286
car 462.609985352 188.080001831 542.549987793 217.75
car 701.049987793 191.580001831 795.049987793 227.38999939
car 361.790008545 187.669998169 499.739990234 239.0
car 274.75 190.309997559 463.809997559 258.75
car 758.289978027 190.179992676 885.25 243.240005493
car 777.049987793 195.470001221 919.979980469 249.669998169
