car 547.159973145 172.380004883 584.710021973 200.570007324
car 960.640014648 180.899993896 1068.86999512 229.080001831
car 1033.94995117 183.190002441 1154.84997559 229.320007324
car 1097.33996582 183.529998779 1223.0 230.25
car 601.510009766 171.690002441 637.58001709 199.899993896
pedestrian 272.850006104 156.039993286 300.519989014 223.11000061
pedestrian 376.589996338 160.830001831 395.260009766 205.119995117
pedestrian 125.930000305 149.86000061 157.929992676 235.850006104
pedestrian 257.309997559 153.63999939 273.649993896 197.970001221
pedestrian 106.25 153.910003662 145.25 233.699996948
pedestrian 300.109985352 153.070007324 318.109985352 200.800003052
pedestrian 273.640014648 158.350006104 301.109985352 200.419998169
pedestrian 176.86000061 156.009994507 201.86000061 231.320007324
pedestrian 132.580001831 149.949996948 156.910003662 227.25
pedestrian 1050.67004395 165.490005493 1186.67004395 369.0
pedestrian 119.559997559 157.63999939 141.559997559 223.050003052
pedestrian 77.2799987793 151.699996948 112.61000061 225.149993896
pedestrian 223.039993286 153.270004272 234.699996948 197.13999939
pedestrian 1192.18994141 180.940002441 1205.85998535 216.850006104
cyclist 500.630004883 166.309997559 512.309997559 196.11000061
