car 0.0 187.149993896 187.240005493 374.0
car 793.010009766 172.169998169 1192.29003906 374.0
car 133.830001831 183.029998779 394.390014648 345.079986572
car 717.890014648 171.470001221 884.780029297 273.549987793
car 657.599975586 162.619995117 710.880004883 213.080001831
car 650.090026855 172.339996338 699.200012207 211.199996948
car 628.489990234 173.970001221 661.609985352 200.279998779
car 496.75 182.380004883 529.66998291 205.509994507
car 603.0 173.649993896 641.549987793 199.910003662
car 578.369995117 177.179992676 606.91998291 195.580001831
