car 405.109985352 173.279998779 506.910003662 246.020004272
pedestrian 627.200012207 153.470001221 700.539978027 373.0
pedestrian 579.809997559 165.339996338 682.690002441 337.850006104
pedestrian 446.399993896 165.25 512.059997559 330.619995117
pedestrian 346.869995117 166.5 398.200012207 302.480010986
pedestrian 573.780029297 159.509994507 623.780029297 291.709991455
pedestrian 427.779998779 159.229995728 468.779998779 278.470001221
pedestrian 458.380004883 171.039993286 517.039978027 305.25
pedestrian 476.929992676 158.009994507 544.969970703 262.529998779
pedestrian 521.479980469 161.11000061 574.479980469 288.299987793
