car 914.890014648 195.289993286 1241.0 374.0
car 268.019989014 180.929992676 402.559997559 234.649993896
car 602.630004883 170.009994507 693.340026855 205.089996338
car 825.299987793 168.25 926.159973145 197.869995117
car 532.66998291 175.660003662 603.400024414 204.940002441
car 233.259994507 179.509994507 323.429992676 212.63999939
car 568.489990234 175.259994507 593.549987793 192.179992676
car 528.650024414 176.63999939 558.179992676 194.160003662
pedestrian 412.390014648 168.839996338 433.720001221 233.009994507
cyclist 956.489990234 165.789993286 1080.2800293 252.580001831
