car 0.0 195.940002441 302.399993896 374.0
car 121.819999695 191.779998779 473.5 374.0
car 658.960021973 178.75 739.119995117 236.240005493
car 774.119995117 187.830001831 1241.0 374.0
car 319.239990234 188.440002441 484.070007324 295.839996338
car 528.159973145 177.220001221 567.479980469 213.119995117
car 639.429992676 176.660003662 686.820007324 213.759994507
car 627.820007324 173.289993286 654.599975586 200.830001831
pedestrian 287.239990234 167.679992676 324.160003662 293.190002441
pedestrian 338.170013428 171.229995728 358.320007324 268.220001221
pedestrian 341.630004883 175.529998779 364.950012207 275.190002441
