car 0.0 185.490005493 178.850006104 347.309997559
car 0.0 186.550003052 323.309997559 314.019989014
car 54.4300003052 180.339996338 354.220001221 281.140014648
car 916.039978027 186.800003052 1241.0 374.0
car 694.280029297 188.580001831 793.400024414 256.489990234
car 219.970001221 180.770004272 419.670013428 260.950012207
car 338.489990234 177.220001221 463.149993896 234.929992676
car 740.780029297 187.089996338 871.049987793 229.479995728
car 398.170013428 160.169998169 502.760009766 214.699996948
car 449.119995117 179.279998779 530.789978027 206.710006714
car 473.920013428 172.419998169 545.969970703 202.350006104
