pedestrian 680.380004883 147.759994507 695.880004883 204.259994507
pedestrian 270.260009766 136.279998779 309.929992676 256.480010986
pedestrian 713.520019531 146.36000061 778.190002441 338.630004883
pedestrian 807.570007324 132.460006714 870.909973145 328.820007324
pedestrian 647.520019531 140.839996338 689.179992676 266.760009766
pedestrian 609.229980469 141.169998169 657.229980469 265.75
pedestrian 703.239990234 140.490005493 769.590026855 258.390014648
pedestrian 775.880004883 145.449996948 811.210021973 256.329986572
pedestrian 1108.34997559 181.36000061 1150.68994141 259.380004883
pedestrian 480.309997559 142.399993896 519.309997559 265.920013428
pedestrian 493.049987793 150.100006104 523.719970703 253.979995728
pedestrian 533.390014648 138.210006714 567.729980469 253.580001831
pedestrian 574.969970703 156.050003052 606.630004883 250.630004883
pedestrian 566.119995117 142.130004883 612.520019531 242.88999939
pedestrian 457.920013428 144.63999939 483.260009766 223.020004272
pedestrian 529.799987793 147.240005493 548.799987793 219.410003662
pedestrian 560.349975586 140.690002441 582.020019531 218.350006104
pedestrian 602.340026855 142.740005493 638.320007324 216.929992676
