car 593.710021973 174.470001221 648.75 226.509994507
car 1130.7800293 166.919998169 1241.0 374.0
car 772.479980469 174.070007324 991.710021973 286.359985352
car 745.609985352 172.619995117 912.450012207 254.369995117
car 732.059997559 166.309997559 864.950012207 235.169998169
car 663.130004883 173.470001221 748.530029297 208.399993896
car 648.359985352 172.649993896 704.299987793 195.559997559
car 321.299987793 175.720001221 397.109985352 217.240005493
car 376.299987793 178.210006714 431.410003662 211.199996948
car 418.130004883 182.009994507 460.239990234 205.020004272
car 472.700012207 177.509994507 506.679992676 195.490005493
car 313.980010986 179.759994507 359.399993896 207.979995728
car 0.97000002861 179.570007324 45.7000007629 212.710006714
