car 912.390014648 185.559997559 1241.0 374.0
car 0.0 208.589996338 241.710006714 374.0
car 437.309997559 188.690002441 489.579986572 225.220001221
car 649.679992676 175.550003052 693.429992676 209.509994507
car 463.190002441 187.289993286 508.190002441 217.0
car 492.609985352 179.869995117 528.520019531 209.589996338
car 82.0800018311 203.669998169 165.589996338 234.729995728
car 133.179992676 202.419998169 208.240005493 232.679992676
car 173.36000061 198.220001221 253.039993286 230.949996948
car 228.309997559 198.300003052 298.179992676 230.880004883
