car 636.08001709 183.080001831 681.650024414 215.490005493
car 359.239990234 178.910003662 490.670013428 226.190002441
car 241.199996948 185.190002441 428.660003662 253.220001221
car 755.599975586 181.479995728 938.280029297 248.350006104
car 166.270004272 185.850006104 393.690002441 262.859985352
car 63.5200004578 169.61000061 362.200012207 285.200012207
car 0.0 187.559997559 331.010009766 314.760009766
car 0.0 194.699996948 267.399993896 364.760009766
car 995.900024414 182.479995728 1241.0 347.940002441
car 1147.44995117 197.869995117 1241.0 374.0
