car 382.679992676 174.949996948 505.109985352 255.820007324
car 1094.18994141 143.190002441 1223.0 180.800003052
car 990.599975586 156.160003662 1106.16003418 187.520004272
pedestrian 544.880004883 160.880004883 569.570007324 220.169998169
pedestrian 403.549987793 160.63999939 424.910003662 226.75
pedestrian 226.960006714 177.300003052 249.179992676 228.380004883
pedestrian 219.289993286 179.869995117 243.460006714 229.130004883
pedestrian 305.149993896 174.910003662 327.880004883 225.61000061
pedestrian 278.989990234 173.25 315.690002441 235.630004883
pedestrian 387.329986572 160.970001221 410.730010986 223.979995728
cyclist 972.909973145 138.160003662 1058.54003906 207.880004883
cyclist 897.659973145 142.940002441 961.979980469 200.740005493
cyclist 731.690002441 158.199996948 772.609985352 195.960006714
cyclist 834.58001709 154.080001831 861.609985352 195.570007324
cyclist 287.5 169.559997559 361.549987793 234.929992676
