car 0.0 185.259994507 247.11000061 374.0
car 768.820007324 189.410003662 971.33001709 321.0
car 126.86000061 185.210006714 389.970001221 269.329986572
car 291.519989014 181.039993286 449.089996338 241.009994507
car 330.200012207 181.100006104 489.0 235.699996948
car 352.630004883 179.809997559 491.179992676 229.199996948
car 724.91998291 178.479995728 844.409973145 268.700012207
car 679.039978027 183.350006104 732.380004883 221.88999939
car 414.329986572 181.020004272 517.799987793 224.460006714
car 504.809997559 178.279998779 567.130004883 199.419998169
