car 1016.39001465 144.550003052 1241.0 253.449996948
car 1124.34997559 171.369995117 1241.0 242.270004272
car 0.0 187.429992676 240.270004272 350.290008545
car 0.0 176.550003052 295.649993896 295.809997559
car 71.5899963379 160.699996948 388.390014648 271.690002441
car 287.230010986 161.919998169 464.940002441 233.100006104
car 317.540008545 175.919998169 480.390014648 228.309997559
car 187.940002441 172.720001221 412.010009766 248.119995117
car 465.170013428 170.36000061 556.799987793 199.050003052
car 967.429992676 160.779998779 1098.59997559 217.619995117
car 668.900024414 169.5 766.25 204.210006714
