car 0.0 212.800003052 339.5 374.0
car 0.0 220.880004883 70.4599990845 374.0
car 654.099975586 179.320007324 709.890014648 223.850006104
car 292.859985352 194.36000061 454.130004883 295.549987793
car 805.700012207 165.779998779 996.059997559 222.259994507
car 786.119995117 153.88999939 940.809997559 216.88999939
car 431.200012207 183.399993896 486.790008545 224.149993896
car 336.890014648 192.009994507 431.929992676 249.740005493
car 745.320007324 164.580001831 862.58001709 206.86000061
car 478.070007324 184.490005493 516.119995117 212.149993896
