car 0.0 190.789993286 151.970001221 374.0
car 0.0 185.089996338 255.300003052 328.880004883
car 102.279998779 179.210006714 361.029998779 278.059997559
car 164.339996338 155.259994507 399.480010986 257.410003662
car 1033.91003418 189.320007324 1241.0 374.0
car 905.179992676 183.470001221 1236.0 309.559997559
car 864.450012207 181.449996948 1081.93005371 280.609985352
car 788.190002441 180.940002441 1019.51000977 266.519989014
car 748.520019531 183.75 948.16998291 248.990005493
car 743.960021973 171.039993286 902.799987793 239.970001221
car 355.470001221 179.020004272 485.279998779 221.520004272
car 391.480010986 179.38999939 500.239990234 217.460006714
car 631.859985352 179.050003052 677.049987793 212.490005493
car 620.369995117 176.809997559 646.869995117 199.36000061
cyclist 507.700012207 178.490005493 528.66998291 225.320007324
