car 574.5 177.830001831 631.229980469 223.940002441
car 117.88999939 187.449996948 382.339996338 331.700012207
car 214.320007324 180.179992676 427.260009766 282.179992676
car 363.079986572 180.550003052 487.200012207 235.36000061
car 423.920013428 175.729995728 524.840026855 219.720001221
car 497.529998779 174.11000061 568.239990234 203.61000061
car 757.280029297 184.270004272 945.349975586 293.440002441
car 669.789978027 181.649993896 722.440002441 218.910003662
car 590.33001709 176.419998169 627.08001709 209.949996948
car 38.8499984741 181.770004272 161.5 229.740005493
car 222.419998169 178.330001831 303.859985352 211.169998169
