car 47.8199996948 175.470001221 450.010009766 374.0
car 811.479980469 143.779998779 1241.0 374.0
car 338.929992676 178.990005493 522.710021973 291.630004883
car 659.299987793 173.070007324 723.450012207 220.380004883
car 723.539978027 176.869995117 948.440002441 318.970001221
car 544.630004883 170.979995728 579.489990234 202.86000061
car 644.010009766 170.720001221 684.380004883 203.529998779
car 633.83001709 167.119995117 659.260009766 192.600006104
pedestrian 374.929992676 164.279998779 401.339996338 259.140014648
pedestrian 397.980010986 165.050003052 416.399993896 242.080001831
pedestrian 405.959991455 166.050003052 421.209991455 244.539993286
