car 590.640014648 175.11000061 614.799987793 198.100006104
car 490.390014648 180.61000061 549.150024414 225.710006714
car 772.33001709 183.929992676 1052.89001465 361.619995117
car 703.530029297 174.789993286 857.020019531 287.559997559
car 685.780029297 171.990005493 774.900024414 253.63999939
car 654.359985352 177.589996338 713.270019531 222.910003662
car 636.900024414 176.830001831 667.969970703 204.369995117
car 647.539978027 176.330001831 692.929992676 215.460006714
car 377.929992676 182.880004883 445.869995117 207.919998169
car 287.420013428 182.820007324 363.950012207 208.940002441
pedestrian 778.320007324 159.020004272 804.849975586 236.75
