car 333.510009766 179.970001221 521.859985352 308.850006104
car 741.390014648 166.539993286 1035.97998047 374.0
car 436.410003662 181.830001831 560.239990234 261.359985352
car 671.030029297 179.470001221 722.630004883 219.759994507
car 710.559997559 182.649993896 841.289978027 275.260009766
car 569.809997559 173.830001831 601.16998291 202.529998779
car 659.33001709 176.259994507 694.979980469 205.720001221
pedestrian 435.140014648 168.070007324 454.230010986 244.649993896
pedestrian 452.920013428 170.570007324 462.480010986 234.279998779
pedestrian 456.109985352 171.369995117 470.160003662 236.220001221
