car 422.279998779 170.470001221 518.590026855 236.169998169
car 1047.60998535 145.399993896 1164.39001465 179.460006714
pedestrian 528.010009766 161.369995117 555.880004883 213.529998779
pedestrian 413.820007324 160.449996948 435.079986572 217.5
pedestrian 253.149993896 176.119995117 284.660003662 221.330001831
pedestrian 243.869995117 178.61000061 275.970001221 222.11000061
pedestrian 351.029998779 170.779998779 371.390014648 215.479995728
pedestrian 342.5 168.580001831 365.309997559 222.5
pedestrian 427.929992676 161.419998169 441.910003662 217.199996948
cyclist 884.33001709 143.009994507 952.390014648 201.630004883
cyclist 817.479980469 147.25 872.229980469 198.169998169
cyclist 680.08001709 158.669998169 717.859985352 193.789993286
cyclist 294.209991455 170.429992676 359.0 228.880004883
