car 840.520019531 188.369995117 1241.0 374.0
car 418.440002441 176.580001831 517.039978027 214.509994507
car 676.179992676 169.050003052 759.349975586 200.270004272
car 876.140014648 167.589996338 974.190002441 195.75
car 474.589996338 177.199996948 545.760009766 206.330001831
car 221.589996338 182.13999939 300.359985352 212.679992676
car 572.75 174.190002441 597.25 190.740005493
car 533.570007324 176.179992676 562.119995117 193.100006104
pedestrian 438.790008545 169.729995728 456.290008545 226.940002441
cyclist 911.559997559 167.919998169 1012.80999756 241.919998169
