car 0.0 181.559997559 164.88999939 374.0
car 0.0 175.149993896 241.649993896 349.089996338
car 0.0 171.289993286 348.480010986 302.829986572
car 100.129997253 173.279998779 336.529998779 271.350006104
car 197.330001831 184.550003052 410.450012207 264.450012207
car 226.339996338 174.589996338 431.549987793 243.759994507
car 318.959991455 169.630004883 461.619995117 227.410003662
car 338.010009766 159.63999939 480.820007324 224.410003662
car 768.710021973 193.460006714 1032.81005859 365.480010986
car 840.010009766 173.059997559 1110.5 275.399993896
car 809.570007324 179.050003052 1003.89001465 258.279998779
car 776.83001709 180.029998779 930.849975586 243.050003052
car 730.979980469 177.259994507 869.890014648 229.589996338
car 710.280029297 179.020004272 839.91998291 221.580001831
car 712.66998291 170.339996338 820.299987793 217.800003052
car 425.890014648 173.059997559 521.429992676 204.809997559
car 450.540008545 176.0 532.909973145 205.220001221
car 635.380004883 177.61000061 670.179992676 203.699996948
cyclist 548.229980469 174.529998779 561.090026855 205.669998169
