pedestrian 116.559997559 154.309997559 164.899993896 268.540008545
pedestrian 95.3799972534 151.070007324 132.050003052 263.019989014
pedestrian 595.320007324 166.449996948 620.570007324 243.119995117
pedestrian 783.260009766 154.270004272 802.260009766 213.339996338
pedestrian 675.809997559 157.149993896 692.140014648 193.699996948
pedestrian 645.520019531 161.839996338 655.849975586 198.979995728
pedestrian 660.200012207 159.630004883 669.869995117 196.789993286
pedestrian 716.799987793 154.490005493 729.469970703 190.949996948
pedestrian 730.950012207 153.419998169 741.619995117 192.679992676
cyclist 798.650024414 150.979995728 850.229980469 261.149993896
cyclist 469.640014648 161.36000061 497.420013428 213.320007324
