car 0.0 178.720001221 88.8700027466 374.0
car 968.890014648 149.929992676 1159.5 242.179992676
car 1064.84997559 170.339996338 1229.31005859 233.190002441
car 0.0 191.300003052 328.769989014 312.290008545
car 107.150001526 186.919998169 352.679992676 281.510009766
car 168.550003052 170.270004272 424.399993896 261.399993896
car 329.910003662 171.880004883 484.140014648 233.779998779
car 350.709991455 181.809997559 494.540008545 228.470001221
car 249.600006104 178.289993286 438.450012207 242.690002441
car 666.539978027 171.869995117 756.450012207 204.009994507
