car 960.789978027 180.899993896 1069.06005859 229.089996338
car 1034.10998535 183.190002441 1155.06005859 229.320007324
car 1097.51000977 183.529998779 1223.0 230.259994507
car 601.58001709 171.690002441 637.659973145 199.899993896
pedestrian 309.640014648 159.11000061 329.640014648 208.479995728
pedestrian 409.450012207 162.839996338 423.450012207 197.940002441
pedestrian 310.470001221 155.509994507 324.470001221 192.279998779
pedestrian 338.279998779 155.399993896 351.940002441 194.580001831
pedestrian 320.179992676 158.990005493 339.670013428 193.460006714
pedestrian 40.2200012207 152.679992676 81.8899993896 258.510009766
pedestrian 4.19000005722 144.600006104 50.5200004578 252.029998779
pedestrian 516.559997559 163.350006104 571.559997559 275.790008545
pedestrian 665.450012207 153.270004272 708.119995117 272.579986572
pedestrian 296.519989014 156.649993896 309.519989014 193.169998169
pedestrian 220.75 153.259994507 235.089996338 197.149993896
pedestrian 1060.43994141 175.910003662 1084.43994141 212.190002441
cyclist 392.790008545 162.25 427.489990234 230.720001221
