car 0.0 176.789993286 127.269996643 374.0
car 0.0 142.399993896 253.759994507 324.679992676
car 1147.23999023 191.13999939 1241.0 374.0
car 929.890014648 183.740005493 1241.0 355.059997559
car 821.5 187.600006104 1165.41003418 299.119995117
car 804.809997559 167.429992676 1058.15002441 274.510009766
car 259.420013428 183.059997559 437.450012207 240.320007324
car 316.869995117 181.809997559 461.589996338 231.669998169
car 631.299987793 181.649993896 689.549987793 224.550003052
car 427.640014648 177.470001221 505.5 208.020004272
car 616.809997559 177.5 648.030029297 203.850006104
cyclist 440.109985352 180.509994507 479.170013428 256.690002441
