car 229.0 191.130004883 416.570007324 298.470001221
car 1175.06994629 194.929992676 1241.0 374.0
car 849.219970703 186.529998779 1222.01000977 374.0
car 366.130004883 186.0 477.489990234 252.669998169
car 760.25 181.690002441 912.729980469 280.369995117
car 425.350006104 184.839996338 510.559997559 233.630004883
car 715.690002441 178.320007324 818.109985352 246.830001831
car 519.780029297 179.080001831 557.780029297 207.350006104
car 701.059997559 177.919998169 769.450012207 229.449996948
car 694.340026855 176.509994507 745.609985352 217.559997559
