car 585.690002441 176.899993896 645.890014648 225.800003052
car 0.0 192.929992676 242.210006714 374.0
car 241.199996948 172.440002441 393.579986572 252.789993286
car 395.25 187.059997559 537.33001709 273.100006104
car 468.209991455 177.419998169 546.33001709 242.729995728
car 390.089996338 175.509994507 485.679992676 217.949996948
car 751.900024414 184.210006714 1025.06005859 351.079986572
car 703.729980469 186.039993286 847.460021973 273.980010986
car 682.66998291 170.419998169 764.059997559 235.059997559
car 640.239990234 177.059997559 677.340026855 205.429992676
car 587.900024414 173.210006714 625.799987793 207.789993286
car 164.119995117 174.990005493 258.950012207 213.759994507
pedestrian 935.950012207 181.929992676 1033.61999512 374.0
