pedestrian 1072.10998535 126.040000916 1237.0 373.0
pedestrian 677.950012207 165.300003052 744.109985352 338.309997559
pedestrian 0.0 141.919998169 260.910003662 373.0
pedestrian 943.229980469 127.459999084 984.849975586 275.649993896
pedestrian 959.369995117 144.320007324 1018.38000488 273.380004883
pedestrian 494.709991455 171.789993286 513.83001709 235.669998169
pedestrian 476.880004883 175.679992676 495.570007324 235.830001831
pedestrian 561.679992676 171.880004883 581.630004883 236.190002441
pedestrian 577.469970703 169.720001221 593.179992676 219.050003052
pedestrian 596.099975586 171.020004272 613.679992676 232.589996338
pedestrian 498.980010986 170.600006104 518.909973145 231.669998169
cyclist 167.309997559 168.839996338 413.700012207 373.0
