car 582.059997559 176.300003052 637.450012207 221.320007324
car 0.0 205.669998169 354.75 374.0
car 0.0 195.990005493 221.130004883 349.890014648
car 267.989990234 182.479995728 416.369995117 254.470001221
car 317.529998779 175.619995117 453.309997559 241.199996948
car 389.420013428 180.36000061 488.399993896 220.570007324
car 517.320007324 181.320007324 571.130004883 220.36000061
car 449.429992676 173.960006714 531.679992676 206.25
car 683.900024414 180.339996338 772.780029297 244.449996948
car 0.0 186.259994507 101.5 246.130004883
car 592.989990234 173.240005493 628.479980469 205.61000061
car 240.279998779 177.339996338 314.339996338 211.869995117
pedestrian 774.530029297 163.130004883 798.190002441 222.850006104
