car 0.0 211.100006104 240.839996338 374.0
car 1194.51000977 199.410003662 1241.0 374.0
car 809.739990234 178.979995728 1216.0 374.0
car 195.130004883 193.990005493 370.25 294.549987793
car 709.530029297 180.669998169 821.08001709 252.589996338
car 377.619995117 185.559997559 473.959991455 240.289993286
car 680.940002441 181.88999939 761.380004883 234.320007324
car 478.220001221 178.869995117 520.049987793 211.130004883
car 659.840026855 177.960006714 711.049987793 215.710006714
car 511.369995117 175.149993896 566.119995117 193.300003052
