car 824.41998291 185.539993286 1241.0 374.0
car 226.479995728 203.830001831 424.040008545 320.549987793
car 688.809997559 181.649993896 795.789978027 261.399993896
car 398.140014648 184.149993896 495.079986572 252.960006714
car 483.75 183.779998779 528.960021973 220.539993286
car 516.770019531 184.710006714 548.200012207 207.38999939
car 632.969970703 178.160003662 652.369995117 194.11000061
car 650.270019531 175.410003662 699.140014648 215.63999939
cyclist 568.840026855 178.550003052 578.130004883 201.270004272
cyclist 580.760009766 177.029998779 589.520019531 198.449996948
