car 588.450012207 184.699996948 654.619995117 239.259994507
car 112.019996643 173.839996338 368.260009766 335.489990234
car 226.710006714 184.710006714 437.510009766 283.779998779
car 305.049987793 186.289993286 488.540008545 263.0
car 424.989990234 180.960006714 531.840026855 233.589996338
car 493.880004883 179.350006104 566.950012207 209.089996338
car 724.590026855 187.13999939 830.469970703 253.089996338
car 695.460021973 175.240005493 767.369995117 228.470001221
car 596.75 178.800003052 635.570007324 214.220001221
car 176.550003052 174.600006104 283.660003662 216.509994507
pedestrian 681.289978027 177.36000061 699.619995117 222.399993896
