car 551.440002441 166.759994507 584.91998291 192.559997559
pedestrian 1026.68994141 104.209999084 1237.0 373.0
pedestrian 1067.11999512 95.1500015259 1178.01000977 352.929992676
pedestrian 489.230010986 159.899993896 521.900024414 271.809997559
pedestrian 460.600006104 165.88999939 500.600006104 273.720001221
pedestrian 596.789978027 158.5 627.450012207 234.690002441
pedestrian 609.83001709 158.470001221 633.16998291 213.600006104
pedestrian 659.33001709 159.479995728 677.33001709 233.050003052
pedestrian 718.010009766 154.279998779 739.010009766 217.5
pedestrian 445.760009766 162.61000061 467.760009766 237.039993286
pedestrian 688.260009766 160.289993286 706.91998291 224.570007324
