car 582.5 175.330001831 705.590026855 291.589996338
car 841.479980469 169.63999939 1114.84997559 338.690002441
car 697.479980469 170.75 801.429992676 217.0
car 675.66998291 173.460006714 740.320007324 204.660003662
car 658.969970703 174.020004272 719.409973145 198.190002441
car 0.0 182.699996948 157.309997559 284.329986572
car 173.839996338 190.419998169 303.230010986 245.899993896
car 382.730010986 180.899993896 444.320007324 211.589996338
car 421.980010986 174.289993286 465.450012207 206.429992676
car 468.859985352 175.720001221 507.959991455 197.850006104
car 517.380004883 176.570007324 553.809997559 192.789993286
car 281.130004883 178.229995728 347.369995117 209.770004272
