car 157.220001221 176.649993896 470.720001221 374.0
car 785.210021973 150.020004272 1241.0 374.0
car 369.100006104 182.100006104 533.119995117 284.690002441
car 658.979980469 171.559997559 719.400024414 216.869995117
car 715.33001709 176.130004883 906.010009766 301.100006104
car 548.340026855 168.710006714 582.25 199.720001221
car 645.239990234 169.440002441 684.099975586 201.320007324
car 635.409973145 166.100006104 660.520019531 191.100006104
pedestrian 393.25 159.690002441 415.920013428 249.13999939
pedestrian 412.070007324 164.179992676 426.950012207 237.61000061
pedestrian 418.940002441 164.779998779 434.670013428 239.240005493
