car 593.770019531 173.520004272 649.710021973 226.410003662
car 790.25 173.160003662 1024.30004883 297.950012207
car 754.049987793 172.029998779 929.83001709 260.019989014
car 738.739990234 164.820007324 877.880004883 237.710006714
car 664.91998291 172.619995117 752.559997559 208.570007324
car 649.179992676 171.88999939 706.119995117 195.190002441
car 312.079986572 175.440002441 391.209991455 218.279998779
car 370.160003662 177.460006714 427.200012207 211.330001831
car 414.109985352 181.38999939 457.489990234 204.850006104
car 471.320007324 176.589996338 505.589996338 194.86000061
car 306.730010986 179.020004272 353.980010986 207.929992676
car 0.0 179.699996948 30.6299991608 213.330001831
