car 0.0 259.190002441 114.269996643 374.0
car 0.0 208.440002441 349.910003662 374.0
car 279.970001221 199.550003052 457.660003662 309.510009766
car 785.150024414 184.13999939 1225.39001465 374.0
car 728.130004883 180.229995728 874.559997559 282.119995117
car 988.489990234 143.460006714 1181.17004395 223.910003662
car 643.0 178.919998169 692.270019531 213.410003662
car 588.239990234 184.179992676 627.070007324 205.970001221
car 550.760009766 181.119995117 593.369995117 199.669998169
cyclist 489.019989014 180.190002441 503.529998779 204.169998169
