car 0.0 203.720001221 310.179992676 357.029998779
car 947.909973145 186.11000061 1241.0 374.0
car 770.75 178.839996338 1027.09997559 342.029998779
car 263.420013428 191.830001831 400.790008545 275.480010986
car 698.549987793 181.5 794.349975586 244.399993896
car 402.070007324 186.080001831 485.790008545 235.600006104
car 675.090026855 181.869995117 746.619995117 229.179992676
car 485.790008545 179.5 524.719970703 209.839996338
car 656.890014648 179.600006104 704.140014648 214.720001221
car 527.090026855 175.509994507 579.08001709 193.009994507
