car 864.559997559 183.990005493 1241.0 374.0
car 744.409973145 172.800003052 955.409973145 317.989990234
car 155.61000061 200.190002441 393.070007324 338.480010986
car 337.709991455 181.440002441 462.540008545 272.910003662
car 683.859985352 176.25 775.380004883 245.070007324
car 427.859985352 182.600006104 507.880004883 246.619995117
car 667.460021973 180.009994507 740.150024414 227.88999939
car 625.349975586 182.089996338 651.469970703 202.570007324
car 521.820007324 186.63999939 549.109985352 205.070007324
car 607.309997559 179.929992676 638.359985352 200.919998169
car 584.940002441 183.690002441 609.030029297 199.130004883
