car 581.030029297 181.210006714 637.390014648 227.179992676
car 0.0 186.309997559 291.160003662 374.0
car 182.410003662 159.899993896 419.299987793 309.910003662
car 339.140014648 184.199996948 494.230010986 251.089996338
car 368.309997559 179.220001221 502.450012207 236.270004272
car 432.440002441 179.229995728 523.08001709 217.070007324
car 467.649993896 174.119995117 545.099975586 206.940002441
car 700.659973145 181.570007324 791.770019531 241.179992676
car 659.260009766 179.570007324 697.210021973 208.050003052
car 587.179992676 174.220001221 624.039978027 206.419998169
car 0.0 177.25 102.059997559 243.300003052
car 92.5899963379 169.380004883 214.240005493 225.029998779
