car 0.0 202.199996948 294.760009766 374.0
car 662.700012207 177.020004272 779.030029297 256.350006104
car 0.0 186.929992676 392.149993896 374.0
car 505.649993896 173.309997559 554.270019531 215.979995728
car 633.890014648 174.559997559 693.070007324 218.86000061
car 531.969970703 179.050003052 564.609985352 204.850006104
car 620.590026855 171.13999939 650.349975586 202.080001831
pedestrian 42.8300018311 151.899993896 107.059997559 366.950012207
pedestrian 171.679992676 160.970001221 206.259994507 312.579986572
pedestrian 212.050003052 169.690002441 246.580001831 322.850006104
