pedestrian 1057.58996582 125.580001831 1181.47998047 373.0
pedestrian 646.650024414 163.960006714 710.75 320.239990234
pedestrian 210.039993286 155.300003052 338.519989014 373.0
pedestrian 982.390014648 96.4800033569 1237.0 373.0
pedestrian 914.059997559 132.600006104 963.559997559 266.799987793
pedestrian 488.200012207 171.630004883 507.839996338 230.770004272
pedestrian 473.269989014 175.520004272 491.769989014 230.919998169
pedestrian 556.349975586 172.080001831 579.770019531 234.380004883
pedestrian 591.940002441 172.190002441 606.380004883 231.729995728
pedestrian 509.989990234 170.529998779 529.859985352 229.460006714
cyclist 333.029998779 170.289993286 463.220001221 373.0
