car 573.539978027 177.119995117 630.219970703 223.190002441
car 0.0 192.520004272 251.509994507 374.0
car 88.6800003052 181.149993896 362.690002441 327.0
car 319.170013428 180.309997559 464.160003662 246.779998779
car 400.410003662 175.589996338 515.030029297 226.330001831
car 483.109985352 171.679992676 559.460021973 203.619995117
car 799.929992676 187.220001221 1102.88000488 349.670013428
car 677.440002441 179.350006104 738.429992676 221.419998169
car 275.649993896 178.679992676 367.140014648 223.970001221
car 592.039978027 174.179992676 629.539978027 208.38999939
car 0.0 181.940002441 86.0100021362 237.770004272
car 176.309997559 176.839996338 272.019989014 213.660003662
