car 715.719970703 176.259994507 896.320007324 298.149993896
car 0.0 193.559997559 234.809997559 282.850006104
car 932.989990234 190.029998779 1241.0 374.0
car 690.840026855 172.509994507 784.210021973 245.75
car 374.679992676 187.240005493 478.269989014 256.269989014
car 434.380004883 175.619995117 507.510009766 234.720001221
car 660.66998291 175.179992676 719.280029297 222.020004272
car 482.040008545 175.520004272 535.460021973 221.160003662
car 655.510009766 174.410003662 710.66998291 210.149993896
car 534.33001709 179.570007324 558.890014648 195.419998169
