car 349.570007324 153.669998169 410.529998779 200.229995728
car 391.739990234 163.210006714 451.690002441 197.449996948
car 444.950012207 162.720001221 514.940002441 192.210006714
car 638.619995117 161.869995117 689.599975586 186.320007324
car 680.489990234 159.179992676 733.979980469 185.119995117
car 710.119995117 164.979995728 769.349975586 185.330001831
car 746.66998291 165.270004272 790.119995117 185.679992676
car 767.229980469 166.050003052 816.450012207 185.320007324
car 789.599975586 164.119995117 847.109985352 184.119995117
car 856.760009766 160.210006714 910.130004883 179.009994507
car 881.460021973 162.979995728 928.150024414 180.11000061
pedestrian 387.350006104 161.429992676 402.679992676 202.199996948
