car 557.159973145 177.339996338 604.75 216.050003052
car 0.0 191.350006104 138.589996338 358.369995117
car 166.130004883 202.36000061 475.260009766 374.0
car 379.859985352 183.740005493 526.83001709 289.079986572
car 265.890014648 177.300003052 427.200012207 249.089996338
car 376.149993896 178.169998169 481.940002441 216.009994507
car 447.220001221 176.399993896 521.099975586 203.809997559
car 651.690002441 175.550003052 718.770019531 228.210006714
car 632.349975586 175.009994507 677.960021973 209.759994507
car 151.100006104 179.61000061 254.220001221 220.369995117
car 559.409973145 173.990005493 593.33001709 204.380004883
