car 595.400024414 175.179992676 638.859985352 216.289993286
car 963.409973145 166.690002441 1241.0 374.0
car 798.289978027 176.830001831 1038.75 307.230010986
car 738.489990234 168.949996948 920.679992676 269.959991455
car 715.780029297 173.619995117 875.140014648 245.149993896
car 696.570007324 168.940002441 832.570007324 231.779998779
car 681.91998291 174.460006714 784.41998291 214.020004272
car 499.429992676 180.990005493 529.33001709 202.649993896
car 660.390014648 173.279998779 735.729980469 202.770004272
car 646.359985352 174.429992676 708.059997559 197.809997559
car 476.380004883 175.63999939 504.149993896 194.820007324
car 454.540008545 177.119995117 472.929992676 191.929992676
