car 948.789978027 161.770004272 1241.0 374.0
car 461.890014648 185.619995117 529.520019531 230.789993286
car 804.099975586 193.690002441 1032.68994141 324.920013428
car 745.690002441 180.580001831 866.08001709 263.170013428
car 721.390014648 183.210006714 797.940002441 239.880004883
car 496.200012207 183.979995728 551.289978027 219.479995728
car 704.539978027 181.339996338 763.539978027 225.63999939
car 518.739990234 184.240005493 563.809997559 213.649993896
car 692.83001709 180.300003052 739.859985352 217.320007324
car 565.020019531 181.149993896 592.599975586 201.88999939
