car 0.0 186.979995728 162.479995728 374.0
car 4.78999996185 178.020004272 319.429992676 295.220001221
car 97.4300003052 153.059997559 371.570007324 270.369995117
car 972.239990234 185.740005493 1241.0 347.649993896
car 904.33001709 185.36000061 1170.90002441 305.630004883
car 813.840026855 181.960006714 1085.68994141 281.829986572
car 762.520019531 184.690002441 989.270019531 258.690002441
car 756.200012207 170.710006714 933.849975586 247.369995117
car 331.790008545 181.130004883 472.470001221 226.970001221
car 373.279998779 180.050003052 490.399993896 220.86000061
car 631.530029297 179.330001831 679.809997559 214.990005493
car 619.450012207 176.990005493 647.159973145 200.509994507
cyclist 493.820007324 176.699996948 518.070007324 229.36000061
