car 15.2600002289 202.350006104 294.489990234 348.859985352
car 377.839996338 191.600006104 498.880004883 279.239990234
car 218.679992676 197.460006714 380.709991455 291.519989014
car 1116.04003906 152.550003052 1241.0 255.660003662
car 495.959991455 184.770004272 546.219970703 228.259994507
car 542.599975586 183.279998779 565.440002441 204.119995117
car 632.16998291 179.880004883 724.210021973 216.169998169
car 614.059997559 177.410003662 677.739990234 204.0
pedestrian 207.600006104 182.169998169 233.600006104 267.829986572
cyclist 784.650024414 179.539993286 902.210021973 279.029998779
cyclist 817.989990234 178.179992676 947.760009766 295.429992676
