car 635.460021973 183.970001221 678.150024414 214.589996338
car 378.559997559 180.619995117 500.160003662 224.559997559
car 278.630004883 184.949996948 445.570007324 246.029998779
car 742.070007324 181.759994507 905.179992676 241.820007324
car 141.339996338 170.720001221 392.989990234 269.890014648
car 55.1300010681 184.88999939 375.369995117 289.040008545
car 0.0 191.589996338 332.089996338 323.559997559
car 0.0 190.940002441 196.960006714 367.739990234
car 925.429992676 182.86000061 1241.0 313.399993896
car 1023.86999512 193.529998779 1241.0 356.160003662
