car 595.119995117 185.320007324 658.719970703 237.830001831
car 0.0 183.86000061 277.359985352 374.0
car 128.119995117 190.919998169 420.299987793 327.670013428
car 368.220001221 179.270004272 508.739990234 252.559997559
car 393.589996338 183.850006104 507.809997559 241.490005493
car 472.25 179.429992676 562.41998291 215.36000061
car 780.33001709 196.130004883 972.369995117 305.489990234
car 723.760009766 178.809997559 828.679992676 251.169998169
car 681.690002441 176.559997559 729.75 214.339996338
car 604.969970703 177.839996338 642.969970703 211.990005493
car 59.4900016785 172.020004272 211.050003052 226.179992676
pedestrian 706.349975586 182.410003662 731.349975586 240.479995728
