car 541.780029297 167.160003662 572.659973145 191.289993286
pedestrian 852.640014648 136.080001831 959.309997559 373.0
pedestrian 1007.57000732 115.400001526 1080.56994629 320.25
pedestrian 1218.25 123.540000916 1237.0 321.170013428
pedestrian 513.719970703 162.169998169 537.380004883 247.100006104
pedestrian 483.25 164.220001221 510.910003662 244.729995728
pedestrian 577.210021973 161.669998169 601.869995117 232.350006104
pedestrian 609.679992676 160.270004272 626.179992676 212.880004883
pedestrian 629.619995117 162.199996948 647.960021973 230.160003662
pedestrian 698.630004883 155.800003052 719.299987793 215.36000061
pedestrian 464.390014648 162.88999939 505.429992676 230.990005493
pedestrian 660.010009766 162.330001831 677.010009766 223.210006714
