car 822.450012207 200.259994507 1241.0 374.0
car 0.0 203.63999939 124.11000061 374.0
car 0.0 190.949996948 260.359985352 334.950012207
car 12.3999996185 187.729995728 322.160003662 296.040008545
car 132.059997559 177.320007324 369.730010986 271.959991455
car 684.270019531 182.039993286 807.320007324 261.609985352
car 298.220001221 185.119995117 475.510009766 244.75
car 664.219970703 180.220001221 728.41998291 221.589996338
car 326.459991455 179.100006104 461.980010986 233.669998169
car 362.200012207 170.589996338 471.649993896 224.259994507
car 643.130004883 171.5 677.280029297 201.089996338
