car 0.0 173.919998169 193.009994507 374.0
car 0.0 166.830001831 323.010009766 313.470001221
car 53.5299987793 171.559997559 313.850006104 278.25
car 165.63999939 185.789993286 396.630004883 271.869995117
car 202.089996338 170.300003052 420.959991455 243.800003052
car 303.970001221 168.190002441 454.279998779 228.779998779
car 326.579986572 157.809997559 475.869995117 225.339996338
car 786.400024414 197.179992676 1114.18994141 374.0
car 856.929992676 172.770004272 1154.18005371 284.019989014
car 822.0 180.600006104 1032.0300293 265.480010986
car 785.159973145 178.809997559 949.119995117 245.539993286
car 777.41998291 175.36000061 901.010009766 234.029998779
car 735.070007324 174.570007324 880.559997559 229.259994507
car 712.969970703 177.960006714 847.909973145 222.210006714
car 715.070007324 169.020004272 826.679992676 218.160003662
car 420.160003662 172.160003662 518.41998291 204.770004272
car 445.420013428 173.350006104 530.059997559 203.350006104
car 634.929992676 174.529998779 670.659973145 201.279998779
cyclist 544.83001709 172.61000061 558.280029297 204.940002441
