car 0.0 218.619995117 176.529998779 374.0
car 1047.48999023 151.070007324 1241.0 279.779998779
car 205.479995728 196.839996338 392.200012207 290.820007324
car 790.359985352 182.869995117 1101.56994629 361.640014648
car 724.159973145 176.919998169 863.559997559 276.079986572
car 350.910003662 190.529998779 445.029998779 253.160003662
car 684.219970703 180.550003052 756.75 229.990005493
car 436.739990234 186.100006104 502.660003662 227.339996338
car 665.859985352 181.809997559 724.260009766 221.339996338
car 499.209991455 181.509994507 533.320007324 208.699996948
car 650.989990234 179.25 691.729980469 209.979995728
car 556.140014648 175.149993896 599.66998291 191.770004272
