car 0.0 185.929992676 214.050003052 348.859985352
car 57.6800003052 178.660003662 341.720001221 285.910003662
car 133.199996948 154.229995728 386.369995117 263.440002441
car 1094.88000488 190.089996338 1241.0 374.0
car 934.820007324 184.380004883 1241.0 326.25
car 882.789978027 183.25 1122.39001465 291.950012207
car 800.159973145 181.419998169 1050.11999512 273.589996338
car 755.130004883 184.190002441 967.469970703 253.539993286
car 749.780029297 170.880004883 917.510009766 243.479995728
car 344.070007324 180.050003052 479.100006104 224.149993896
car 382.700012207 179.710006714 495.480010986 219.100006104
car 631.710021973 179.850006104 678.400024414 214.369995117
car 619.91998291 176.899993896 647.010009766 199.919998169
cyclist 501.010009766 178.399993896 523.530029297 228.029998779
